2057
2050
2047
2036
2039
2058
2041
2052
2029
2049
2053
2043
2032
2036
2041
2060
2039
2058
2050
2039
2038
2063
2044
2039
2054
2049
2042
2055
2049
2042
2043
2038
2042
2062
2052
2040
2065
2056
2052
2059
2050
2055
2033
2046
2064
2046
2044
2054
2045
2060
2048
2039
2055
2040
2052
2043
2049
2048
2066
2046
2042
2038
2044
2051
2052
2047
2065
2042
2067
2044
2056
2053
2050
2042
2050
2048
2039
2021
2053
2047
2042
2037
2059
2049
2042
2043
2058
2056
2036
2041
2036
2050
2033
2048
2047
2069
2043
2046
2043
2043
2049
2039
2029
2043
2046
2061
2052
2053
2049
2047
2063
2049
2041
2034
2047
2038
2058
2044
2045
2044
2067
2055
2041
2055
2046
2055
2044
2038
2053
2074
2039
2036
2036
2050
2044
2054
2047
2040
2060
2038
2051
2052
2047
2058
2054
2053
2053
2070
2042
2048
2047
2033
2042
2043
2055
2041
2039
2033
2042
2040
2036
2050
2056
2045
2058
2020
2049
2050
2048
2039
2056
2053
2044
2072
2045
2042
2044
2050
2046
2030
2037
2033
2042
2036
2045
2056
2055
2053
2051
2040
2059
2036
2051
2050
2045
2046
2039
2053
2046
2041
2044
2053
2058
2049
2049
2060
2058
2046
2064
2053
2063
2049
2052
2066
2043
2052
2032
2057
2062
2060
2038
2027
2067
2042
2049
2047
2047
2039
2063
2047
2061
2025
2060
2044
2034
2033
2057
2056
2053
2056
2058
2040
2036
2039
2048
2026
2033
2063
2033
2036
2064
2050
2049
2050
2051
2036
2050
2047
2053
2040
2038
2042
2061
2035
2057
2036
2043
2038
2062
2062
2055
2050
2048
2058
2036
2050
2043
2052
2051
2057
2045
2055
2050
2044
2048
2059
2057
2030
2044
2037
2037
2054
2058
2070
2039
2043
2056
2050
2052
2050
2041
2071
2027
2050
2048
2051
2058
2059
2042
2050
2066
2056
2052
2042
2049
2043
2035
2053
2047
2071
2059
2054
2063
2045
2050
2049
2027
2061
2058
2051
2048
2041
2052
2048
2059
2038
2031
2042
2050
2043
2044
2042
2050
2038
2057
2061
2059
2033
2039
2048
2056
2054
2070
2045
2054
2060
2049
2041
2033
2044
2050
2031
2052
2038
2052
2044
2028
2025
2041
2066
2057
2025
2045
2066
2062
2070
2062
2045
2056
2044
2052
2062
2058
2044
2036
2054
2042
2038
2045
2035
2040
2046
2041
2044
2033
2035
2041
2048
2042
2053
2047
2065
2024
2047
2049
2040
2049
2032
2051
2041
2038
2064
2051
2048
2040
2049
2049
2061
2034
2058
2047
2052
2060
2037
2056
2031
2047
2043
2056
2047
2057
2051
2059
2056
2056
2042
2044
2045
2061
2057
2057
2049
2044
2063
2038
2049
2039
2063
2055
2061
2056
2052
2035
2042
2039
2069
2035
2039
2037
2046
2054
2036
2043
2053
2051
2042
2065
2043
2039
2059
2053
2053
2053
2058
2070
2023
2056
2045
2050
2045
2044
2058
2046
2058
2059
2071
2037
2036
2027
2056
2041
2045
2037
2034
2045
2033
2060
2056
2049
2061
2041
2046
2050
2068
2031
2057
2044
2048
2049
2046
2045
2047
2036
2028
2055
2053
2049
2044
2043
2049
2064
2038
2049
2048
2047
2068
2055
2045
2061
2050
2052
2052
2063
2042
2051
2057
2049
2051
2045
2053
2047
2043
2052
2050
2025
2046
2056
2052
2052
2058
2044
2036
2057
2046
2046
2051
2044
2059
2064
2063
2041
2039
2052
2050
2056
2035
2049
2051
2049
2043
2042
2059
2040
2061
2055
2057
2047
2035
2057
2045
2058
2064
2034
2028
2057
2061
2031
2050
2064
2053
2043
2049
2023
2051
2061
2042
2047
2051
2047
2044
2037
2055
2045
2045
2024
2051
2046
2063
2032
2049
2045
2050
2036
2051
2049
2044
2038
2052
2044
2037
2043
2039
2052
2062
2037
2045
2047
2035
2036
2044
2036
2057
2067
2061
2051
2055
2062
2038
2041
2051
2068
2054
2046
2037
2033
2048
2038
2044
2046
2066
2041
2056
2036
2046
2051
2046
2066
2044
2044
2051
2049
2062
2038
2024
2045
2059
2057
2045
2051
2038
2041
2028
2029
2037
2042
2051
2043
2049
2051
2047
2049
2056
2052
2057
2041
2047
2039
2043
2051
2040
2068
2027
2063
2034
2042
2045
2034
2059
2029
2052
2045
2065
2046
2030
2061
2052
2047
2050
2041
2044
2060
2039
2049
2066
2061
2065
2043
2069
2056
2072
2049
2060
2036
2048
2043
2046
2041
2045
2073
2047
2054
2056
2040
2049
2049
2049
2051
2040
2060
2019
2043
2057
2036
2062
2049
2045
2043
2042
2053
2034
2044
2045
2066
2048
2038
2063
2028
2044
2054
2064
2052
2045
2041
2036
2058
2050
2036
2062
2031
2045
2048
2056
2040
2042
2042
2052
2048
2052
2060
2052
2056
2054
2038
2049
2042
2058
2033
2041
2047
2055
2043
2053
2069
2044
2047
2051
2060
2039
2043
2046
2057
2061
2041
2027
2039
2052
2070
2054
2053
2052
2058
2042
2062
2050
2031
2041
2054
2042
2051
2075
2038
2057
2059
2047
2056
2038
2043
2042
2055
2057
2049
2046
2059
2051
2046
2061
2039
2052
2063
2045
2051
2059
2036
2049
2038
2038
2033
2055
2038
2036
2046
2047
2034
2033
2056
2042
2048
2051
2041
2053
2058
2038
2032
2057
2024
2054
2059
2046
2047
2053
2036
2056
2053
2039
2037
2045
2055
2063
2035
2047
2033
2040
2060
2052
2054
2037
2039
2061
2043
2044
2053
2049
2059
2043
2051
2058
2051
2056
2041
2026
2050
2058
2061
2044
2050
2044
2041
2040
2029
2045
2066
2057
2044
2047
2043
2032
2042
2033
2053
2046
2020
2050
2046
2033
2050
2041
2050
2033
2060
2044
2042
2043
2046
2040
2047
2055
2033
2055
2074
2047
2054
2046
2054
2022
2033
2040
2055
2059
2046
2046
2043
2041
2050
2056
2047
2052
2039
2062
2038
2063
2044
2049
2059
2036
2051
2039
2026
2061
2039
2036
2037
2030
2050
2051
2064
2056
2059
2051
2057
2040
2044
2052
2055
2033
2052
2039
2045
2042
2049
2052
2029
2053
2026
2039
2032
2036
2074
2037
2046
2047
2051
2051
2060
2041
2050
2037
2053
2035
2035
2035
2048
2061
2058
2055
2035
2040
2037
2044
2054
2050
2051
2034
2041
2045
2063
2049
2051
2039
2052
2046
2065
2027
2045
2042
2068
2055
2045
2031
2057
2046
2056
2058
2056
2049
2050
2075
2034
2047
2040
2058
2053
2044
2054
2050
2040
2035
2050
2063
2052
2035
2047
2028
2035
2044
2044
2075
2048
2057
2052
2063
2027
2056
2051
2061
2052
2061
2046
2044
2059
2048
2042
2046
2049
2065
2045
2034
2047
2045
2074
2067
2042
2031
2054
2052
2044
2037
2029
2035
2044
2045
2052
2056
2046
2054
2044
2024
2044
2063
2053
2050
2032
2052
2036
2041
2036
2048
2048
2053
2036
2045
2047
2045
2053
2036
2043
2050
2048
2056
2062
2049
2042
2048
2050
2037
2052
2029
2045
2055
2033
2053
2067
2062
2042
2044
2053
2044
2054
2058
2049
2050
2053
2054
2039
2055
2045
2056
2050
2059
2029
2040
2063
2051
2044
2035
2036
2055
2062
2042
2044
2043
2045
2049
2045
2054
2056
2045
2057
2068
2032
2049
2048
2047
2033
2043
2039
2045
2046
2043
2051
2063
2038
2036
2051
2054
2054
2031
2050
2040
2059
2060
2048
2063
2037
2050
2041
2071
2033
2054
2066
2047
2046
2051
2045
2044
2043
2054
2061
2059
2035
2042
2063
2043
2035
2049
2054
2055
2059
2063
2036
2032
2048
2049
2059
2042
2064
2035
2057
2038
2049
2056
2042
2050
2050
2054
2035
2051
2047
2032
2028
2048
2041
2045
2030
2053
2044
2026
2046
2041
2041
2063
2052
2040
2055
2043
2047
2062
2047
2056
2055
2051
2047
2027
2054
2061
2058
2040
2050
2041
2063
2053
2052
2047
2043
2045
2059
2045
2064
2044
2034
2033
2056
2050
2053
2056
2046
2028
2043
2023
2042
2039
2056
2054
2052
2049
2058
2050
2040
2053
2064
2039
2051
2047
2051
2055
2052
2065
2067
2047
2053
2057
2043
2054
2056
2029
2043
2022
2068
2040
2055
2062
2048
2038
2059
2044
2055
2055
2053
2036
2068
2041
2052
2081
2046
2059
2046
2046
2049
2055
2054
2048
2058
2049
2039
2039
2042
2043
2050
2037
2042
2041
2061
2066
2034
2054
2041
2055
2041
2033
2062
2042
2041
2052
2046
2041
2045
2031
2037
2045
2067
2039
2044
2054
2039
2044
2054
2044
2043
2053
2047
2045
2062
2049
2053
2049
2052
2049
2043
2039
2054
2040
2039
2048
2032
2037
2060
2046
2056
2043
2048
2055
2033
2035
2048
2057
2033
2036
2044
2028
2050
2046
2052
2055
2052
2036
2052
2048
2051
2059
2048
2054
2044
2043
2039
2059
2045
2060
2061
2062
2071
2048
2050
2048
2052
2048
2053
2038
2043
2047
2060
2043
2045
2056
2042
2050
2055
2056
2056
2048
2049
2053
2055
2049
2047
2048
2052
2047
2041
2057
2054
2040
2063
2050
2064
2053
2037
2047
2037
2049
2053
2043
2037
2047
2044
2050
2047
2032
2044
2036
2049
2065
2047
2049
2053
2050
2056
2048
2054
2046
2056
2047
2068
2058
2061
2059
2039
2060
2043
2057
2040
2028
2041
2054
2043
2055
2048
2023
2038
2051
2048
2051
2041
2046
2045
2057
2051
2049
2059
2053
2069
2045
2035
2040
2044
2045
2040
2063
2035
2065
2042
2066
2051
2045
2043
2044
2032
2051
2053
2055
2037
2060
2040
2045
2036
2052
2052
2036
2054
2056
2050
2038
2051
2021
2061
2042
2047
2044
2055
2047
2046
2034
2044
2053
2051
2032
2056
2034
2051
2053
2036
2042
2053
2061
2069
2049
2051
2052
2033
2061
2032
2045
2064
2053
2042
2056
2065
2055
2059
2048
2040
2032
2044
2058
2065
2054
2066
2071
2046
2043
2052
2050
2042
2046
2069
2030
2033
2051
2046
2034
2065
2049
2039
2042
2043
2055
2056
2058
2053
2061
2048
2030
2046
2057
2051
2042
2055
2059
2065
2035
2042
2061
2053
2054
2049
2022
2056
2045
2052
2050
2031
2035
2023
2052
2061
2037
2039
2027
2049
2046
2066
2039
2046
2052
2055
2056
2056
2039
2041
2055
2043
2050
2057
2039
2049
2059
2056
2048
2053
2051
2051
2032
2057
2068
2039
2056
2059
2059
2045
2063
2058
2038
2063
2041
2038
2076
2023
2035
2056
2066
2053
2053
2055
2039
2053
2046
2046
2047
2045
2056
2056
2062
2060
2051
2047
2058
2051
2032
2052
2040
2046
2069
2027
2060
2043
2022
2034
2050
2062
2064
2049
2039
2043
2060
2055
2033
2069
2039
2052
2057
2047
2029
2060
2043
2042
2037
2035
2039
2049
2044
2052
2065
2043
2037
2046
2056
2029
2052
2040
2038
2046
2050
2047
2037
2037
2055
2043
2042
2053
2045
2052
2048
2052
2058
2056
2044
2039
2043
2056
2054
2051
2061
2030
2048
2058
2050
2045
2049
2048
2043
2050
2019
2056
2045
2026
2034
2053
2032
2047
2037
2055
2044
2052
2053
2053
2043
2039
2050
2061
2056
2071
2053
2036
2060
2022
2045
2044
2055
2027
2052
2060
2055
2042
2039
2058
2042
2049
2064
2051
2053
2037
2026
2059
2049
2044
2048
2047
2037
2057
2069
2052
2058
2040
2033
2064
2033
2031
2048
2058
2052
2050
2047
2042
2048
2050
2036
2054
2059
2056
2049
2052
2052
2059
2037
2027
2049
2040
2061
2058
2035
2046
2062
2042
2035
2049
2043
2058
2053
2041
2046
2041
2038
2039
2043
2051
2066
2044
2043
2073
2047
2067
2054
2047
2042
2054
2042
2066
2054
2059
2055
2056
2046
2047
2057
2057
2057
2051
2048
2041
2056
2058
2061
2038
2061
2050
2041
2060
2073
2031
2051
2046
2045
2067
2035
2045
2059
2045
2053
2048
2035
2054
2041
2048
2062
2058
2046
2052
2058
2041
2040
2028
2048
2043
2052
2045
2053
2057
2041
2028
2039
2042
2044
2061
2047
2042
2036
2052
2059
2040
2045
2050
2048
2052
2051
2043
2050
2059
2057
2035
2071
2077
2049
2052
2060
2032
2042
2056
2058
2055
2039
2050
2043
2063
2053
2053
2038
2025
2056
2062
2055
2056
2053
