3072
1
1025
2049
2
1026
2050
3
1027
2051
4
1028
2052
5
1029
2053
6
1030
2054
7
1031
2055
8
1032
2056
9
1033
2057
10
1034
2058
11
1035
2059
12
1036
2060
13
1037
2061
14
1038
2062
15
1039
2063
16
1040
2064
17
1041
2065
18
1042
2066
19
1043
2067
20
1044
2068
21
1045
2069
22
1046
2070
23
1047
2071
24
1048
2072
25
1049
2073
26
1050
2074
27
1051
2075
28
1052
2076
29
1053
2077
30
1054
2078
31
1055
2079
32
1056
2080
33
1057
2081
34
1058
2082
35
1059
2083
36
1060
2084
37
1061
2085
38
1062
2086
39
1063
2087
40
1064
2088
41
1065
2089
42
1066
2090
43
1067
2091
44
1068
2092
45
1069
2093
46
1070
2094
47
1071
2095
48
1072
2096
49
1073
2097
50
1074
2098
51
1075
2099
52
1076
2100
53
1077
2101
54
1078
2102
55
1079
2103
56
1080
2104
57
1081
2105
58
1082
2106
59
1083
2107
60
1084
2108
61
1085
2109
62
1086
2110
63
1087
2111
64
1088
2112
65
1089
2113
66
1090
2114
67
1091
2115
68
1092
2116
69
1093
2117
70
1094
2118
71
1095
2119
72
1096
2120
73
1097
2121
74
1098
2122
75
1099
2123
76
1100
2124
77
1101
2125
78
1102
2126
79
1103
2127
80
1104
2128
81
1105
2129
82
1106
2130
83
1107
2131
84
1108
2132
85
1109
2133
86
1110
2134
87
1111
2135
88
1112
2136
89
1113
2137
90
1114
2138
91
1115
2139
92
1116
2140
93
1117
2141
94
1118
2142
95
1119
2143
96
1120
2144
97
1121
2145
98
1122
2146
99
1123
2147
100
1124
2148
101
1125
2149
102
1126
2150
103
1127
2151
104
1128
2152
105
1129
2153
106
1130
2154
107
1131
2155
108
1132
2156
109
1133
2157
110
1134
2158
111
1135
2159
112
1136
2160
113
1137
2161
114
1138
2162
115
1139
2163
116
1140
2164
117
1141
2165
118
1142
2166
119
1143
2167
120
1144
2168
121
1145
2169
122
1146
2170
123
1147
2171
124
1148
2172
125
1149
2173
126
1150
2174
127
1151
2175
128
1152
2176
129
1153
2177
130
1154
2178
131
1155
2179
132
1156
2180
133
1157
2181
134
1158
2182
135
1159
2183
136
1160
2184
137
1161
2185
138
1162
2186
139
1163
2187
140
1164
2188
141
1165
2189
142
1166
2190
143
1167
2191
144
1168
2192
145
1169
2193
146
1170
2194
147
1171
2195
148
1172
2196
149
1173
2197
150
1174
2198
151
1175
2199
152
1176
2200
153
1177
2201
154
1178
2202
155
1179
2203
156
1180
2204
157
1181
2205
158
1182
2206
159
1183
2207
160
1184
2208
161
1185
2209
162
1186
2210
163
1187
2211
164
1188
2212
165
1189
2213
166
1190
2214
167
1191
2215
168
1192
2216
169
1193
2217
170
1194
2218
171
1195
2219
172
1196
2220
173
1197
2221
174
1198
2222
175
1199
2223
176
1200
2224
177
1201
2225
178
1202
2226
179
1203
2227
180
1204
2228
181
1205
2229
182
1206
2230
183
1207
2231
184
1208
2232
185
1209
2233
186
1210
2234
187
1211
2235
188
1212
2236
189
1213
2237
190
1214
2238
191
1215
2239
192
1216
2240
193
1217
2241
194
1218
2242
195
1219
2243
196
1220
2244
197
1221
2245
198
1222
2246
199
1223
2247
200
1224
2248
201
1225
2249
202
1226
2250
203
1227
2251
204
1228
2252
205
1229
2253
206
1230
2254
207
1231
2255
208
1232
2256
209
1233
2257
210
1234
2258
211
1235
2259
212
1236
2260
213
1237
2261
214
1238
2262
215
1239
2263
216
1240
2264
217
1241
2265
218
1242
2266
219
1243
2267
220
1244
2268
221
1245
2269
222
1246
2270
223
1247
2271
224
1248
2272
225
1249
2273
226
1250
2274
227
1251
2275
228
1252
2276
229
1253
2277
230
1254
2278
231
1255
2279
232
1256
2280
233
1257
2281
234
1258
2282
235
1259
2283
236
1260
2284
237
1261
2285
238
1262
2286
239
1263
2287
240
1264
2288
241
1265
2289
242
1266
2290
243
1267
2291
244
1268
2292
245
1269
2293
246
1270
2294
247
1271
2295
248
1272
2296
249
1273
2297
250
1274
2298
251
1275
2299
252
1276
2300
253
1277
2301
254
1278
2302
255
1279
2303
256
1280
2304
257
1281
2305
258
1282
2306
259
1283
2307
260
1284
2308
261
1285
2309
262
1286
2310
263
1287
2311
264
1288
2312
265
1289
2313
266
1290
2314
267
1291
2315
268
1292
2316
269
1293
2317
270
1294
2318
271
1295
2319
272
1296
2320
273
1297
2321
274
1298
2322
275
1299
2323
276
1300
2324
277
1301
2325
278
1302
2326
279
1303
2327
280
1304
2328
281
1305
2329
282
1306
2330
283
1307
2331
284
1308
2332
285
1309
2333
286
1310
2334
287
1311
2335
288
1312
2336
289
1313
2337
290
1314
2338
291
1315
2339
292
1316
2340
293
1317
2341
294
1318
2342
295
1319
2343
296
1320
2344
297
1321
2345
298
1322
2346
299
1323
2347
300
1324
2348
301
1325
2349
302
1326
2350
303
1327
2351
304
1328
2352
305
1329
2353
306
1330
2354
307
1331
2355
308
1332
2356
309
1333
2357
310
1334
2358
311
1335
2359
312
1336
2360
313
1337
2361
314
1338
2362
315
1339
2363
316
1340
2364
317
1341
2365
318
1342
2366
319
1343
2367
320
1344
2368
321
1345
2369
322
1346
2370
323
1347
2371
324
1348
2372
325
1349
2373
326
1350
2374
327
1351
2375
328
1352
2376
329
1353
2377
330
1354
2378
331
1355
2379
332
1356
2380
333
1357
2381
334
1358
2382
335
1359
2383
336
1360
2384
337
1361
2385
338
1362
2386
339
1363
2387
340
1364
2388
341
1365
2389
342
1366
2390
343
1367
2391
344
1368
2392
345
1369
2393
346
1370
2394
347
1371
2395
348
1372
2396
349
1373
2397
350
1374
2398
351
1375
2399
352
1376
2400
353
1377
2401
354
1378
2402
355
1379
2403
356
1380
2404
357
1381
2405
358
1382
2406
359
1383
2407
360
1384
2408
361
1385
2409
362
1386
2410
363
1387
2411
364
1388
2412
365
1389
2413
366
1390
2414
367
1391
2415
368
1392
2416
369
1393
2417
370
1394
2418
371
1395
2419
372
1396
2420
373
1397
2421
374
1398
2422
375
1399
2423
376
1400
2424
377
1401
2425
378
1402
2426
379
1403
2427
380
1404
2428
381
1405
2429
382
1406
2430
383
1407
2431
384
1408
2432
385
1409
2433
386
1410
2434
387
1411
2435
388
1412
2436
389
1413
2437
390
1414
2438
391
1415
2439
392
1416
2440
393
1417
2441
394
1418
2442
395
1419
2443
396
1420
2444
397
1421
2445
398
1422
2446
399
1423
2447
400
1424
2448
401
1425
2449
402
1426
2450
403
1427
2451
404
1428
2452
405
1429
2453
406
1430
2454
407
1431
2455
408
1432
2456
409
1433
2457
410
1434
2458
411
1435
2459
412
1436
2460
413
1437
2461
414
1438
2462
415
1439
2463
416
1440
2464
417
1441
2465
418
1442
2466
419
1443
2467
420
1444
2468
421
1445
2469
422
1446
2470
423
1447
2471
424
1448
2472
425
1449
2473
426
1450
2474
427
1451
2475
428
1452
2476
429
1453
2477
430
1454
2478
431
1455
2479
432
1456
2480
433
1457
2481
434
1458
2482
435
1459
2483
436
1460
2484
437
1461
2485
438
1462
2486
439
1463
2487
440
1464
2488
441
1465
2489
442
1466
2490
443
1467
2491
444
1468
2492
445
1469
2493
446
1470
2494
447
1471
2495
448
1472
2496
449
1473
2497
450
1474
2498
451
1475
2499
452
1476
2500
453
1477
2501
454
1478
2502
455
1479
2503
456
1480
2504
457
1481
2505
458
1482
2506
459
1483
2507
460
1484
2508
461
1485
2509
462
1486
2510
463
1487
2511
464
1488
2512
465
1489
2513
466
1490
2514
467
1491
2515
468
1492
2516
469
1493
2517
470
1494
2518
471
1495
2519
472
1496
2520
473
1497
2521
474
1498
2522
475
1499
2523
476
1500
2524
477
1501
2525
478
1502
2526
479
1503
2527
480
1504
2528
481
1505
2529
482
1506
2530
483
1507
2531
484
1508
2532
485
1509
2533
486
1510
2534
487
1511
2535
488
1512
2536
489
1513
2537
490
1514
2538
491
1515
2539
492
1516
2540
493
1517
2541
494
1518
2542
495
1519
2543
496
1520
2544
497
1521
2545
498
1522
2546
499
1523
2547
500
1524
2548
501
1525
2549
502
1526
2550
503
1527
2551
504
1528
2552
505
1529
2553
506
1530
2554
507
1531
2555
508
1532
2556
509
1533
2557
510
1534
2558
511
1535
2559
512
1536
2560
513
1537
2561
514
1538
2562
515
1539
2563
516
1540
2564
517
1541
2565
518
1542
2566
519
1543
2567
520
1544
2568
521
1545
2569
522
1546
2570
523
1547
2571
524
1548
2572
525
1549
2573
526
1550
2574
527
1551
2575
528
1552
2576
529
1553
2577
530
1554
2578
531
1555
2579
532
1556
2580
533
1557
2581
534
1558
2582
535
1559
2583
536
1560
2584
537
1561
2585
538
1562
2586
539
1563
2587
540
1564
2588
541
1565
2589
542
1566
2590
543
1567
2591
544
1568
2592
545
1569
2593
546
1570
2594
547
1571
2595
548
1572
2596
549
1573
2597
550
1574
2598
551
1575
2599
552
1576
2600
553
1577
2601
554
1578
2602
555
1579
2603
556
1580
2604
557
1581
2605
558
1582
2606
559
1583
2607
560
1584
2608
561
1585
2609
562
1586
2610
563
1587
2611
564
1588
2612
565
1589
2613
566
1590
2614
567
1591
2615
568
1592
2616
569
1593
2617
570
1594
2618
571
1595
2619
572
1596
2620
573
1597
2621
574
1598
2622
575
1599
2623
576
1600
2624
577
1601
2625
578
1602
2626
579
1603
2627
580
1604
2628
581
1605
2629
582
1606
2630
583
1607
2631
584
1608
2632
585
1609
2633
586
1610
2634
587
1611
2635
588
1612
2636
589
1613
2637
590
1614
2638
591
1615
2639
592
1616
2640
593
1617
2641
594
1618
2642
595
1619
2643
596
1620
2644
597
1621
2645
598
1622
2646
599
1623
2647
600
1624
2648
601
1625
2649
602
1626
2650
603
1627
2651
604
1628
2652
605
1629
2653
606
1630
2654
607
1631
2655
608
1632
2656
609
1633
2657
610
1634
2658
611
1635
2659
612
1636
2660
613
1637
2661
614
1638
2662
615
1639
2663
616
1640
2664
617
1641
2665
618
1642
2666
619
1643
2667
620
1644
2668
621
1645
2669
622
1646
2670
623
1647
2671
624
1648
2672
625
1649
2673
626
1650
2674
627
1651
2675
628
1652
2676
629
1653
2677
630
1654
2678
631
1655
2679
632
1656
2680
633
1657
2681
634
1658
2682
635
1659
2683
636
1660
2684
637
1661
2685
638
1662
2686
639
1663
2687
640
1664
2688
641
1665
2689
642
1666
2690
643
1667
2691
644
1668
2692
645
1669
2693
646
1670
2694
647
1671
2695
648
1672
2696
649
1673
2697
650
1674
2698
651
1675
2699
652
1676
2700
653
1677
2701
654
1678
2702
655
1679
2703
656
1680
2704
657
1681
2705
658
1682
2706
659
1683
2707
660
1684
2708
661
1685
2709
662
1686
2710
663
1687
2711
664
1688
2712
665
1689
2713
666
1690
2714
667
1691
2715
668
1692
2716
669
1693
2717
670
1694
2718
671
1695
2719
672
1696
2720
673
1697
2721
674
1698
2722
675
1699
2723
676
1700
2724
677
1701
2725
678
1702
2726
679
1703
2727
680
1704
2728
681
1705
2729
682
1706
2730
683
1707
2731
684
1708
2732
685
1709
2733
686
1710
2734
687
1711
2735
688
1712
2736
689
1713
2737
690
1714
2738
691
1715
2739
692
1716
2740
693
1717
2741
694
1718
2742
695
1719
2743
696
1720
2744
697
1721
2745
698
1722
2746
699
1723
2747
700
1724
2748
701
1725
2749
702
1726
2750
703
1727
2751
704
1728
2752
705
1729
2753
706
1730
2754
707
1731
2755
708
1732
2756
709
1733
2757
710
1734
2758
711
1735
2759
712
1736
2760
713
1737
2761
714
1738
2762
715
1739
2763
716
1740
2764
717
1741
2765
718
1742
2766
719
1743
2767
720
1744
2768
721
1745
2769
722
1746
2770
723
1747
2771
724
1748
2772
725
1749
2773
726
1750
2774
727
1751
2775
728
1752
2776
729
1753
2777
730
1754
2778
731
1755
2779
732
1756
2780
733
1757
2781
734
1758
2782
735
1759
2783
736
1760
2784
737
1761
2785
738
1762
2786
739
1763
2787
740
1764
2788
741
1765
2789
742
1766
2790
743
1767
2791
744
1768
2792
745
1769
2793
746
1770
2794
747
1771
2795
748
1772
2796
749
1773
2797
750
1774
2798
751
1775
2799
752
1776
2800
753
1777
2801
754
1778
2802
755
1779
2803
756
1780
2804
757
1781
2805
758
1782
2806
759
1783
2807
760
1784
2808
761
1785
2809
762
1786
2810
763
1787
2811
764
1788
2812
765
1789
2813
766
1790
2814
767
1791
2815
768
1792
2816
769
1793
2817
770
1794
2818
771
1795
2819
772
1796
2820
773
1797
2821
774
1798
2822
775
1799
2823
776
1800
2824
777
1801
2825
778
1802
2826
779
1803
2827
780
1804
2828
781
1805
2829
782
1806
2830
783
1807
2831
784
1808
2832
785
1809
2833
786
1810
2834
787
1811
2835
788
1812
2836
789
1813
2837
790
1814
2838
791
1815
2839
792
1816
2840
793
1817
2841
794
1818
2842
795
1819
2843
796
1820
2844
797
1821
2845
798
1822
2846
799
1823
2847
800
1824
2848
801
1825
2849
802
1826
2850
803
1827
2851
804
1828
2852
805
1829
2853
806
1830
2854
807
1831
2855
808
1832
2856
809
1833
2857
810
1834
2858
811
1835
2859
812
1836
2860
813
1837
2861
814
1838
2862
815
1839
2863
816
1840
2864
817
1841
2865
818
1842
2866
819
1843
2867
820
1844
2868
821
1845
2869
822
1846
2870
823
1847
2871
824
1848
2872
825
1849
2873
826
1850
2874
827
1851
2875
828
1852
2876
829
1853
2877
830
1854
2878
831
1855
2879
832
1856
2880
833
1857
2881
834
1858
2882
835
1859
2883
836
1860
2884
837
1861
2885
838
1862
2886
839
1863
2887
840
1864
2888
841
1865
2889
842
1866
2890
843
1867
2891
844
1868
2892
845
1869
2893
846
1870
2894
847
1871
2895
848
1872
2896
849
1873
2897
850
1874
2898
851
1875
2899
852
1876
2900
853
1877
2901
854
1878
2902
855
1879
2903
856
1880
2904
857
1881
2905
858
1882
2906
859
1883
2907
860
1884
2908
861
1885
2909
862
1886
2910
863
1887
2911
864
1888
2912
865
1889
2913
866
1890
2914
867
1891
2915
868
1892
2916
869
1893
2917
870
1894
2918
871
1895
2919
872
1896
2920
873
1897
2921
874
1898
2922
875
1899
2923
876
1900
2924
877
1901
2925
878
1902
2926
879
1903
2927
880
1904
2928
881
1905
2929
882
1906
2930
883
1907
2931
884
1908
2932
885
1909
2933
886
1910
2934
887
1911
2935
888
1912
2936
889
1913
2937
890
1914
2938
891
1915
2939
892
1916
2940
893
1917
2941
894
1918
2942
895
1919
2943
896
1920
2944
897
1921
2945
898
1922
2946
899
1923
2947
900
1924
2948
901
1925
2949
902
1926
2950
903
1927
2951
904
1928
2952
905
1929
2953
906
1930
2954
907
1931
2955
908
1932
2956
909
1933
2957
910
1934
2958
911
1935
2959
912
1936
2960
913
1937
2961
914
1938
2962
915
1939
2963
916
1940
2964
917
1941
2965
918
1942
2966
919
1943
2967
920
1944
2968
921
1945
2969
922
1946
2970
923
1947
2971
924
1948
2972
925
1949
2973
926
1950
2974
927
1951
2975
928
1952
2976
929
1953
2977
930
1954
2978
931
1955
2979
932
1956
2980
933
1957
2981
934
1958
2982
935
1959
2983
936
1960
2984
937
1961
2985
938
1962
2986
939
1963
2987
940
1964
2988
941
1965
2989
942
1966
2990
943
1967
2991
944
1968
2992
945
1969
2993
946
1970
2994
947
1971
2995
948
1972
2996
949
1973
2997
950
1974
2998
951
1975
2999
952
1976
3000
953
1977
3001
954
1978
3002
955
1979
3003
956
1980
3004
957
1981
3005
958
1982
3006
959
1983
3007
960
1984
3008
961
1985
3009
962
1986
3010
963
1987
3011
964
1988
3012
965
1989
3013
966
1990
3014
967
1991
3015
968
1992
3016
969
1993
3017
970
1994
3018
971
1995
3019
972
1996
3020
973
1997
3021
974
1998
3022
975
1999
3023
976
2000
3024
977
2001
3025
978
2002
3026
979
2003
3027
980
2004
3028
981
2005
3029
982
2006
3030
983
2007
3031
984
2008
3032
985
2009
3033
986
2010
3034
987
2011
3035
988
2012
3036
989
2013
3037
990
2014
3038
991
2015
3039
992
2016
3040
993
2017
3041
994
2018
3042
995
2019
3043
996
2020
3044
997
2021
3045
998
2022
3046
999
2023
3047
1000
2024
3048
1001
2025
3049
1002
2026
3050
1003
2027
3051
1004
2028
3052
1005
2029
3053
1006
2030
3054
1007
2031
3055
1008
2032
3056
1009
2033
3057
1010
2034
3058
1011
2035
3059
1012
2036
3060
1013
2037
3061
1014
2038
3062
1015
2039
3063
1016
2040
3064
1017
2041
3065
1018
2042
3066
1019
2043
3067
1020
2044
3068
1021
2045
3069
1022
2046
3070
1023
2047
3071
1024
2048
3072
