3895
2459
2521
1162
2377
1491
2645
0349
3620
1495
1874
0768
3419
2463
1632
3405
2494
1765
2659
4644
1785
1573
2954
0806
1691
2177
1623
1610
2753
2132
2595
2650
1528
3701
1162
2108
1569
2472
3701
1711
2730
1598
2485
3575
2721
0792
3867
1940
1143
0209
2163
2509
2953
1986
1797
3225
2872
3210
0483
1380
2481
2822
2896
3834
1448
0469
1168
0639
1482
2125
0677
2033
0799
1850
3507
2007
1779
1284
2323
1062
3133
1964
3056
2492
2147
0760
2321
2433
2697
2297
0984
0516
2318
1911
3673
0902
0682
1468
2191
1337
3123
2018
1049
3018
2172
1499
3874
2800
3519
3499
3292
2909
2991
2579
4348
0573
1243
0100
0424
1404
1121
2318
1684
3003
2789
2069
2721
1854
2360
0438
2268
1779
1060
1765
2857
2818
0524
2035
1436
1139
2547
3012
0138
1676
1383
0998
3119
1650
2102
4851
1412
2091
0500
3118
3479
1782
0964
1909
3573
0483
1680
2367
1866
2313
3523
1809
2210
3753
1959
2598
0078
2532
2207
3155
3260
1536
2751
0997
2628
3062
1577
3066
0404
3645
1982
1782
3115
1371
2073
2500
3711
4058
2780
3678
1957
3407
3042
1514
1617
2096
1301
1752
3579
1620
0522
2657
3899
0874
3142
1235
2176
0790
2499
1532
4748
2544
2252
0021
1777
2913
2309
2561
2609
1821
1854
1334
1650
2102
0785
0767
1721
0113
3296
1982
1738
2547
2942
3525
1151
0241
2783
0676
1333
2088
2362
1657
1915
1053
3652
1567
2089
3362
0913
0968
0409
1138
2105
3750
2749
2389
0698
3354
1126
2164
3157
1515
2591
1246
2000
2196
2152
3142
2101
0527
2449
1666
2437
2823
2940
3770
2174
1394
1751
1498
1974
1319
3624
2332
4240
2147
2401
2732
3118
1267
2554
0769
0813
0980
3443
5285
0972
2163
2688
2832
1092
2281
1346
1936
0864
1522
0283
2609
2483
0910
0570
1793
1424
2360
1108
1936
0453
1556
1810
2950
1748
2464
1113
1987
1737
1535
2971
2818
1912
2071
1746
2267
0596
3140
2736
3354
2549
3092
1311
0945
1173
2632
2524
2210
2225
1751
2192
1166
1973
2157
0971
2868
1683
3231
0607
3219
2826
3712
2640
1850
2001
2877
2025
0627
3647
1020
0209
1587
0352
1647
4894
0204
2392
3076
0732
0781
3279
1513
1091
0842
4657
1109
0368
0809
1161
1027
1614
2568
0348
1129
2339
3804
2771
3007
1830
2050
2426
0963
2334
1281
1765
1914
2996
2284
1273
2733
2503
1982
1497
1219
3632
0636
2779
2197
1277
0994
3030
1597
3341
3689
0829
2014
0441
2335
0421
3163
1484
0838
2304
3835
0505
1250
1277
2452
2128
2956
3093
1957
2044
3254
1323
1484
1665
2265
0612
2236
3093
2970
1494
2743
1797
2118
3309
3981
0460
2922
1709
2286
1434
2306
3484
3023
1697
1763
1349
1139
0925
0798
1722
0459
4023
3585
2123
3100
1698
2003
1969
3269
0827
2051
1143
1228
2735
0277
3687
1261
1981
1428
1056
1585
2031
2710
0738
1063
2873
2751
1148
1658
2182
1455
1475
1840
0303
2175
2044
2157
2284
1202
0147
1841
2274
1306
2359
1184
0535
3138
1458
3506
1281
3000
1030
1937
2104
1496
3539
3147
0919
0505
1825
1888
1583
1837
3031
3179
1950
1468
3048
2785
1982
1112
2362
2330
2256
3394
1315
2148
1631
1266
1215
2637
1513
2271
0941
1898
1946
2259
1748
1375
2225
2820
0763
1716
1419
1140
2575
0742
2895
3229
2076
2348
1488
1313
1044
1692
2620
0495
2804
3274
2353
3679
1369
3571
0973
1738
2453
2268
2432
1091
2430
1383
1304
1379
3825
3974
1610
2957
0352
0593
1471
1060
0466
1951
2132
1028
0579
1462
2942
2236
2376
2193
0895
0912
2035
2133
3107
4570
1792
3025
1161
1907
1074
1595
1855
1493
2285
2558
3114
3057
1132
2842
1805
1594
1540
3215
2105
4058
1268
0717
1322
1188
1037
3216
2909
2315
0992
2488
1072
1274
0809
2002
1928
0866
2093
2922
2540
2533
2606
1306
2479
1452
2056
3651
0280
2049
2204
0637
2533
2089
1504
2510
1392
0764
2837
2466
1539
1841
2816
3030
0319
1278
2547
1688
3167
1857
1707
2168
1653
0833
2466
0171
0235
1625
1745
0424
2110
2892
1117
2106
3095
2016
1360
2451
1143
2814
2161
3742
1243
2068
5002
2612
3225
2930
1629
2468
1348
1995
1296
1553
1969
1920
1159
2298
2570
1320
2581
1292
2182
2247
1178
2936
0729
2294
3071
0919
2501
1884
1715
0536
2784
1236
3616
2563
3342
0815
2851
1591
2512
2736
2540
3219
3085
0627
3498
1369
0591
0851
1797
2886
2575
0965
2036
0728
3101
1101
2598
0296
1252
1626
1440
2799
2401
1613
2930
1879
0628
3383
1201
3396
1672
1920
2037
0627
4107
2781
1382
3232
1839
1784
2303
1973
2099
2475
2941
2079
0926
1391
1992
2919
3866
3181
1761
0390
1528
0758
1678
0792
1687
2556
1707
2426
2891
0793
2479
1520
2428
1426
1447
3887
2137
1556
2600
1176
2301
2386
1176
2743
1541
3501
0915
2907
2683
2030
3741
3499
1547
2355
0872
1920
3737
4090
2898
2024
4301
2668
1495
0347
0238
1431
0569
1462
3297
1120
1672
4719
2060
1920
2841
1987
2140
2644
1689
2694
1879
2412
2889
2172
2118
1836
0866
0906
0565
2214
1802
2812
1137
1712
3584
0200
1801
2944
2271
2958
2298
2468
1738
0907
2723
3773
3086
1352
3690
1546
5203
1571
2592
1189
1001
0985
1452
3522
1353
1270
1098
3116
2309
1559
0876
4043
1088
0801
1580
0606
1167
1908
0793
2250
1750
2652
5313
3034
2298
1228
2970
4582
2330
1905
2299
1991
3681
1801
2857
1864
1978
1687
1178
2166
0762
3495
3236
1411
3043
2219
0921
1155
3511
2155
3410
1024
1236
2995
2359
2763
1993
0541
1884
1827
3378
1644
1694
1793
2779
3451
0340
3354
3345
1963
1841
0522
2657
4397
0391
1970
0698
2789
2758
2907
2447
2881
0711
1480
4144
2972
2054
0423
0733
1412
1127
1783
3001
0764
2401
2082
3146
2954
3323
2396
2222
4831
3039
1900
3324
0239
3420
3428
3118
1889
2391
0904
1749
2663
1860
3050
2906
2840
2374
2615
3038
2697
4344
1859
2918
1981
2109
2078
1200
1976
1298
2891
1608
1622
4053
0706
0649
2204
3762
2431
2270
1320
3985
0609
3072
1893
2816
3316
2431
1930
1871
3989
2412
4075
1957
2594
2091
0517
2255
1368
2414
1029
1924
2015
3989
2904
1202
1231
1975
2671
1967
2089
0783
2664
3844
1195
1810
2343
1332
2110
1458
2495
2927
2765
0478
2720
2160
1711
1519
1607
1923
1185
1880
1763
2195
0142
2054
2932
2385
2604
4387
1456
1252
1941
2527
1806
0779
1356
0611
1071
1207
4665
0403
0929
3334
2402
1492
0337
1345
2698
3492
2083
1163
3399
2182
1746
2068
2706
2812
1245
2036
1494
1951
4337
0215
1423
3529
2495
2400
1200
1041
2367
1538
3509
2150
1374
1103
2802
0931
2342
3517
1714
2757
2082
2250
2037
3442
0511
2786
2592
0446
1248
1685
0595
1301
1954
2852
1121
1806
2610
1208
2218
0377
1248
1195
2911
1406
1242
1608
2932
2156
0378
2715
0045
2848
2445
3452
2224
3029
0238
2771
2608
2552
1622
2230
1621
1434
0554
3815
0112
2559
0550
2404
2156
2518
1219
3840
1701
1824
2808
3454
2891
0912
1147
3450
2361
1639
3057
1272
0988
2266
0325
2715
1668
2915
2565
2703
3193
1759
1585
3180
1441
2289
1918
1197
2059
1333
0963
2500
1204
2827
1526
1779
1941
0110
0864
0507
2995
3659
3008
1964
1334
3497
0817
0601
2963
2425
2966
0812
3366
1979
2286
1107
1334
2676
3470
2593
2381
3347
2449
2315
1708
0503
1232
1724
2387
1796
0113
2508
1634
1452
2331
3879
3239
3640
2067
2390
0687
1584
1413
0493
2516
2164
0799
2774
0781
1274
0219
3581
2173
2451
2636
2241
0963
1848
3543
2989
1022
1859
3110
2073
2715
0444
2586
3421
2455
0029
2361
0809
1996
2221
2079
2349
1068
1603
2553
1433
1312
1337
1544
3386
0957
1267
2944
3919
3574
2677
3516
1214
1618
1490
0318
2628
1754
2707
0888
3371
1881
0986
2010
1422
2196
2300
1708
2247
2555
3283
2013
1990
0771
1826
1419
2090
0549
1565
1388
1397
2025
0179
1704
3522
2927
1259
2020
2606
1633
1606
2743
2065
0535
2142
0463
3832
3495
0799
3198
1634
1619
1568
2387
2261
1060
1046
2053
0685
1001
0372
0838
2920
2201
3953
1700
1347
2924
2727
1930
2883
1993
2517
1412
1083
3414
4433
0318
2891
1427
1418
1577
3213
1587
3187
2233
2461
0118
0090
2868
3090
2853
3021
0891
2445
1783
2870
0036
4101
0930
2592
2195
2187
3005
4325
1807
0952
2781
3579
2461
1461
1814
1188
3754
0342
2004
3083
2174
2028
1303
4824
2863
2940
1736
1521
1603
0556
1207
3480
1028
2312
3077
2784
0497
2248
3591
2681
2136
2140
2218
2108
2921
2485
1509
3380
2406
2553
2591
1236
3270
2860
5432
1621
2464
1670
2077
2991
4788
1837
2165
2213
2606
2116
2756
1812
4812
3348
1871
2517
0424
2476
1446
1594
2742
2098
2945
2158
3386
2984
1447
0759
0500
1153
2464
2387
1700
2479
2966
3104
2297
2460
0570
0028
2033
1891
2020
3637
2853
2848
1537
3311
0893
2758
1257
1842
0482
2077
3197
0899
1591
2205
1543
1321
2157
3091
4398
3372
2862
2209
2250
0056
0537
1271
0748
0076
2181
2567
1119
2995
0937
2341
1494
1428
3155
1796
2537
3296
2945
2709
3360
1259
3499
2083
1651
0826
1466
4449
3132
2404
1817
0926
1285
1319
2126
2450
1733
0816
3244
2916
1211
0254
3791
2138
2175
2327
1931
2002
1074
1966
1481
3812
0604
2391
2226
2823
2875
2297
1394
2860
2144
1924
2571
2165
2599
0390
0857
3205
1212
1279
1068
2231
1201
3575
2004
1849
0035
1779
2392
1960
2221
1066
1202
0233
1778
2917
2002
2470
2877
1389
2221
2538
2010
1801
3337
1044
1435
2097
3611
1678
1634
1250
2461
2005
3057
2195
2187
1742
2540
1624
0118
3061
2195
0142
3766
2612
0227
2881
3109
1834
1437
2465
2031
2448
3640
3105
2860
1965
1600
1495
0432
1872
0661
0418
1614
0904
2134
1194
1046
1080
0908
2409
2430
2646
1993
2517
3053
1896
3437
0788
3073
1561
2866
1730
1260
1024
2213
3117
1209
3752
2593
0409
1234
1494
2170
1507
2748
1834
0897
1559
3980
1131
3482
2559
2144
3781
1251
2258
3836
1778
2451
2345
2668
2378
2156
3399
3411
1909
0467
2108
1884
4512
3173
1734
2743
1797
3015
3341
0533
1769
1475
0285
0717
3780
3024
0842
1887
1886
1090
0548
0370
1249
2556
1945
0812
2029
1892
2317
2847
1847
3098
1245
4353
1880
2162
2447
1207
3326
1479
2775
2584
2807
2608
1891
1889
2829
2718
1083
3603
3032
1063
1427
3364
2748
3580
1127
1942
2120
0927
3441
1159
1793
3230
1622
2428
1961
1705
2044
1763
1239
2892
2703
2875
1402
2816
3024
2502
0956
1710
1793
1147
1015
1724
1679
2611
2163
2688
3284
4989
2037
1537
3712
2640
3702
2980
1776
1383
1395
1580
1773
1035
1332
2396
1752
2686
0947
3416
1116
2559
3203
2427
2223
1911
1958
2824
2061
1584
2255
2664
1329
2355
2686
1280
2153
1223
1811
2337
2135
3534
1934
3345
3054
2881
3351
3242
1115
1892
1864
3020
1901
1412
2041
1595
2913
2327
3259
2986
2546
1612
2129
1575
2019
2828
2263
1245
2198
2305
2139
2695
0249
1736
2416
3164
3301
2140
1692
1736
2111
0833
2263
1595
2237
2120
1424
3251
1009
2368
2502
2758
1328
1477
1700
0882
1669
3225
2312
1005
2307
1824
1173
1974
2149
0739
3526
0893
1011
4442
2013
1557
3250
1866
1917
4005
1874
2508
0703
1546
2902
2293
0655
1609
1898
2590
2703
3076
1840
2398
1310
1537
1019
1987
2329
2798
1432
3370
3298
1428
4150
1436
2292
1512
2865
4692
2989
2057
3367
1272
1463
0985
2167
3701
0395
0662
3210
1773
2445
1008
0383
1108
3216
2588
1148
2523
1762
3094
1967
2453
1622
1711
3437
4164
1885
1084
1666
3196
0650
2849
2311
1607
1698
1788
2465
2590
0418
1995
0893
2846
1484
1586
0167
2950
0949
3345
3216
2444
2481
2614
2298
3867
2850
2551
1210
0739
3040
2450
2330
3757
2903
1633
2889
2620
2538
3662
1232
1825
2407
2471
1779
1732
2482
1683
3095
2199
1399
2678
3087
1457
1786
1085
2734
2696
1969
2340
1921
3943
0814
0796
2319
2411
1597
2507
2469
3051
2849
2206
2268
2080
4094
1367
2220
2279
1832
1169
2512
3018
2551
3035
4336
1702
1276
0667
3523
1898
0313
2597
2068
1315
2305
2034
2775
0691
1615
3198
1740
2247
1160
2305
2240
2985
0922
1664
1975
1007
2998
1706
3247
1649
2938
1387
2387
2364
2916
1111
2083
2485
2769
2269
3127
2497
1158
1725
2116
2054
2959
2034
2815
2169
1085
2764
1770
2324
1757
1455
1278
2197
0868
1247
1585
1984
2598
1574
1030
0201
2440
1218
1671
2370
0994
1000
2113
0384
1302
1254
3172
3220
0696
0556
1498
2675
2220
2121
1943
0902
0994
1218
1321
0292
0854
1015
2520
2328
1132
2804
1292
2639
3024
1516
2120
2562
2275
1744
3452
2459
3098
2588
1533
1772
2838
1659
2015
2718
1098
3432
2081
1296
1984
2593
1789
1458
2948
1057
1789
1460
2218
0735
1739
4167
1937
3431
3016
1751
2582
3151
0831
2489
1811
0948
1673
3068
0806
2746
0818
2899
3130
4321
3328
2378
0177
2589
2993
1021
2998
1456
1047
1005
2761
1276
1674
0868
3088
1354
2791
1094
0239
1030
1886
2231
1008
2831
2223
2320
2027
0365
2278
1117
1233
1126
1545
0653
3543
1318
2829
2913
2653
3794
1270
1074
0844
2074
2905
1693
2768
3608
0633
3170
1878
2138
1957
2550
1336
2986
2935
1443
1718
0250
0760
2273
1773
1447
2527
3340
3690
3025
2241
3086
1315
2565
0006
3814
2561
1258
0455
2899
1237
3530
2084
2699
0758
0717
0150
1602
1615
1355
1864
2734
2451
2945
1053
1654
1785
3917
2849
2925
2249
3599
1080
1966
0323
2786
2331
1487
2748
2619
2019
0663
0188
1464
0450
1874
1060
4675
2676
2289
2325
0188
2791
1405
1169
2551
3245
0589
1779
0812
1116
2020
1428
1141
1739
2867
0685
1823
0718
2703
2073
1143
1908
1931
0302
2796
2861
4124
1638
1458
3741
1031
3211
1629
3426
2183
3219
0818
2626
2270
3976
1510
0166
1137
4002
1178
1378
0697
2849
2735
2454
2118
2537
2373
2818
3560
1943
3198
1548
3603
1414
2966
2302
3462
2005
0003
1827
0739
2117
3345
0388
2374
2825
2150
3026
2016
3856
2304
0019
1847
2874
1663
2783
3962
2476
2506
2291
2354
1756
1736
0629
1973
3167
3025
3662
2322
2138
3444
2673
1481
1095
4108
3445
4355
0181
2847
2460
0420
2384
2351
0845
1827
0828
2973
3105
2545
0534
0512
2628
2750
1970
2095
1122
2527
3753
2131
0973
2221
2106
2607
1844
1610
2253
0028
2330
1126
1445
2578
1571
2776
3801
0995
2922
2177
4031
0985
1803
2441
1285
1655
1893
1253
0998
5061
2010
1512
2011
1793
2178
3049
4451
1624
1987
1876
2805
2122
1557
2657
3459
1616
2594
1881
3229
3280
3009
1133
3950
4032
1529
2983
1566
4573
2776
1974
2282
1835
0894
2879
2469
1626
0312
2791
1191
2165
1855
1261
2286
2755
1818
1524
2968
1171
0671
0956
2310
1495
1747
2792
1702
3042
1514
3359
3171
1529
1945
0957
1209
0357
1820
1848
1225
2019
1528
0572
2510
2855
2576
1655
0906
3105
1001
1829
4456
2839
0597
3851
1223
1326
1691
2255
1298
3780
2643
2328
3075
0132
1958
2062
2919
0933
1464
1926
1368
2119
2725
0429
2269
2534
2119
2594
1881
3800
1695
1420
2056
0942
2586
3153
2601
1518
2739
2412
2317
2736
2731
3271
1353
3957
2141
3544
1246
1227
2670
1259
2709
1477
1718
2751
1378
1909
1708
1082
0330
2029
4742
2179
2969
2628
4177
1591
0516
2352
0538
1738
0786
0370
1286
1479
1442
1895
2146
3173
3907
1429
2011
3064
1368
1406
2088
2014
1894
2709
0814
1848
1093
0433
2925
0078
2495
1737
2679
2364
2571
1150
2764
2841
2495
1478
1135
0357
0060
2185
2317
2241
0949
1792
3229
0729
2858
2962
1667
1500
3793
1424
2117
1730
1957
2737
1909
0965
3537
1830
2002
1603
1859
2933
1205
2690
4124
4033
2700
0477
1954
3051
2377
0494
1801
2762
1297
2676
1110
0131
1695
2309
3735
0548
2523
1605
1833
3531
1897
2794
2626
3344
4312
1348
1971
1448
1739
0972
2389
1604
2238
1262
4301
2864
0828
1667
2926
0859
2035
1933
1663
1286
0829
2504
0039
1995
2423
5070
2494
2206
0794
2667
1825
0810
3587
1209
0776
3129
1802
3498
3488
1762
3365
0757
2289
3210
0560
2535
0790
2183
0286
2994
3527
1706
0902
0542
2216
4364
2506
1071
3391
1720
2260
1755
2518
1777
3399
3044
0747
4535
1877
3076
2951
2861
1913
1435
2537
0295
0648
2607
2642
1584
1403
1828
2778
2533
1986
1165
1559
2102
2123
3401
2530
1364
0660
3610
3103
1378
2653
2472
3541
1709
3213
1958
2143
1869
3576
2129
1728
2332
2641
1325
1198
1622
0737
2005
2060
1614
2190
2968
1476
1638
1652
3027
2575
0937
2000
3188
1390
2907
2620
1961
2637
2633
3021
2535
3041
1634
2060
3856
1696
1691
2568
1228
2095
2633
1825
2407
0913
3389
1516
2953
2129
3061
2089
1811
1488
1389
3476
4281
3717
1796
1220
2245
2589
2993
2628
1181
1782
1396
2590
0829
1706
2077
2991
2163
2244
3558
1241
1306
0832
2368
1822
0711
4787
2660
3834
1587
2474
2784
2938
2354
3540
3564
1417
0588
3398
0115
0733
0033
1977
0845
0942
1972
3844
2442
1032
0351
2875
3113
2398
2282
2239
2608
1399
1650
1700
0775
2556
1189
2144
1448
2660
0863
3199
1942
2959
1648
1554
1788
1771
1995
2624
1808
1459
3272
2259
3052
1181
2215
3646
3092
4918
2610
0957
4015
1955
3437
1339
1988
2507
0403
0038
3651
1998
2478
3458
1939
0613
0728
1120
3145
3780
0041
1244
1054
1929
3831
2851
0243
1759
2051
2715
1913
3248
2195
2818
1278
2388
2984
1084
1666
1912
2437
2125
1884
1567
0090
2630
1465
2069
1647
0431
1005
1865
4055
2451
0604
0616
2834
1480
1986
1526
2424
1670
2126
1034
2969
0427
1861
2304
2268
1915
3267
1771
2070
2772
4049
2096
1869
1127
3113
3159
1763
3223
2943
1011
1536
1475
2577
2574
2683
1801
2190
2345
2098
1649
2828
2369
2335
2782
1499
2299
1401
1066
2706
0953
1321
1820
2391
2990
2241
1283
2167
1261
0884
2324
2784
2330
2226
2743
1741
0920
2597
2115
2802
3623
2755
1831
3066
2761
2588
1533
2110
2508
2528
2556
2442
2541
2237
1452
2189
1382
2024
3501
4320
1914
2377
2325
0953
0616
1481
1163
2038
2066
1397
0845
0122
2745
2934
3085
1555
2019
1636
0968
0220
1795
1383
1393
1860
1916
1826
2797
2792
2714
2146
1923
3419
2405
1821
2199
2704
1911
1928
1836
3877
3790
3145
1615
3119
3112
1694
1870
1579
0520
2936
2414
1438
3655
3173
2833
3046
1481
2827
0743
1707
2587
2425
2051
1163
2782
3136
1982
2770
3617
2695
2122
2975
0510
2453
1961
2994
2737
1422
1976
2663
2227
1714
2781
1530
3686
1503
2703
1609
4020
2144
2584
1047
2312
2599
2540
4183
2867
2785
0298
2464
2069
1647
0954
1485
0339
2499
0772
2790
3112
1082
2321
1918
0989
3363
3834
2493
3071
1248
1979
1060
2161
3131
2114
0779
1675
2805
3065
1817
1530
2576
0719
0232
2311
1974
2788
3037
3015
1171
1776
2385
2655
3108
1578
4883
0417
2150
2091
0509
0611
2067
2872
2866
2371
2767
3176
2647
2673
1534
2084
1353
2772
3016
2135
4853
2128
2569
1410
1369
3414
0763
0379
1865
0511
4020
2918
1332
2815
2287
1725
2371
2286
2102
1339
0771
1613
2515
3558
2574
0783
2332
2892
2022
2227
2813
1068
2962
0888
0455
2278
2597
1095
1897
2877
0808
3067
1177
2081
1596
1589
1520
2854
2927
0978
2058
3531
3890
1228
2301
1545
1911
2362
2895
1920
1839
2350
1636
2033
1572
1923
1751
2220
3366
1536
2106
0927
1525
0293
2898
0632
0628
0535
3743
1139
2809
1639
0311
1503
2029
3117
2859
0898
4061
1943
2907
2649
2023
1999
0113
2508
0382
0089
3783
3327
1587
1506
2379
2491
1508
0515
2541
3514
0729
2001
2440
1519
2438
2057
2664
3383
1604
2087
3311
0891
2925
1667
1622
1644
1864
2382
2307
4050
3601
1513
4254
0696
3728
3185
2549
2229
0852
1320
3727
1413
2025
3287
2559
2712
1649
3142
2349
1894
2972
4411
1131
1768
2582
2358
1114
1222
1958
0611
1784
1615
0078
1150
3763
2287
2821
2202
2208
3438
1258
4105
3207
0872
3943
1659
3496
3581
3067
2050
2415
0909
0709
0675
1864
2150
2618
1050
3493
1097
2061
3071
0974
3153
2129
1160
0459
2343
1082
2005
1968
2462
1921
2682
3932
0702
2745
2555
3688
2493
2206
1998
1795
3083
2631
3790
3145
2987
1865
0776
2840
0480
1540
3220
0952
2093
2870
2184
1970
2710
3205
1114
3001
1329
1721
1858
1275
2426
1197
5087
1740
1165
0468
2551
1778
0597
2210
3242
1290
2336
0616
1954
1264
2776
2210
3489
0293
2581
2505
4735
2859
2242
2261
3059
3004
1097
2349
2149
3013
1503
1127
1688
0584
3256
1865
1431
2386
3379
3580
2167
1860
4117
1578
1540
2343
3544
0978
1593
2439
3957
2492
0981
1793
0278
4316
1591
1843
1293
0989
1702
1660
2624
0907
1606
3548
3107
1411
1717
1031
0043
0377
0160
1077
0720
2777
1296
1509
1349
2178
3306
1488
3337
1759
0984
2522
2651
3707
0218
1163
3554
1804
1054
1446
0194
1751
1732
2051
2511
2082
0832
4328
1099
2834
0808
1601
0953
1073
1106
1824
2600
2511
1232
2807
2383
2300
3680
1942
2537
2977
1687
0863
2661
2419
2735
1951
2303
0773
1469
4406
2163
1758
3387
3244
2801
0704
0009
1253
0446
0966
0776
1185
0983
1969
3227
1787
2693
1633
2889
2936
3177
3592
2821
2664
2108
0077
2317
1937
2836
1796
3365
1984
3569
2751
1906
0926
1870
4038
1647
2096
1971
2551
1635
1703
1070
1855
4161
1228
1131
3791
3470
0316
0931
2101
1874
2653
3236
1861
2268
1388
1876
0136
2074
4040
3672
2000
2457
2193
0166
1268
2649
2851
2477
2100
2389
0115
2191
2974
0126
0446
1285
1502
2711
1385
1635
2043
0154
1264
0722
1606
4090
2696
2914
1910
3028
3097
2606
2729
1258
1810
3480
2887
2130
2710
3348
0246
4287
1330
2256
4095
2777
2159
4047
1523
2106
1459
2541
2007
0086
2260
1457
1223
3952
1693
0434
2251
1560
2334
1544
0826
2370
1973
2579
0401
2569
2479
1880
3088
2939
0841
1091
4994
2264
1154
1048
1000
1774
1883
0665
2418
2994
2214
2636
2603
2627
2477
2100
3567
2234
1485
1601
2404
5440
2227
3428
2444
0481
2480
3577
0132
2406
2739
1855
2401
2474
5100
1115
1078
0788
0223
1325
3484
2008
2333
3286
3933
3510
2865
2150
1539
2469
3808
0741
1488
1320
2891
2885
0529
2488
1624
0118
3162
2017
1343
2582
1766
3099
2520
0671
1724
1261
2558
1967
3957
2950
3195
1166
1673
2402
1693
0847
1976
0633
1752
3805
1869
2792
1405
2138
2050
