3978
086
2110
2123
1940
1942
2023
1965
2205
2271
1973
2010
2173
1934
2027
2156
2011
2068
2075
2213
1964
1940
1938
2208
2154
1834
1986
2274
1933
1847
2139
2150
2185
1991
2117
1995
2289
2048
1945
2037
1813
2262
1999
1962
1911
1940
1982
2208
2262
2032
1982
1877
2170
1852
1959
1978
1898
2008
2016
2101
2006
2264
1851
2045
1945
1825
2001
1903
1908
2194
2025
1912
1929
2353
1920
2066
1903
1868
2037
2164
2169
1952
1854
2052
2023
2124
2061
2010
1966
2032
1914
1862
2036
2134
2078
2038
1904
1891
2077
2077
2096
2228
1967
2067
2101
2065
1946
2239
1762
2003
2157
2144
2112
2078
1993
2071
2150
1963
1896
1971
1990
2020
2282
2078
2108
2026
2084
1870
2269
2232
2270
2095
1876
1924
2376
1854
1916
2150
2013
2092
2140
2091
2331
2130
2103
2054
1920
1892
2143
1817
2205
2148
2125
1934
1914
2069
1841
1861
2092
2403
2283
1989
1963
2079
2223
2159
1760
1728
2194
2334
2238
1900
2001
1925
2043
2037
2208
2064
2104
2048
2059
1923
1954
1995
1999
2290
2127
2194
1939
2043
1834
1990
2347
2153
2255
2125
2118
2041
1950
2017
1866
2198
2081
1830
1907
1930
2032
2169
1775
1895
2076
2042
1963
2204
1867
1983
1975
2039
1931
2145
1909
1828
2007
2173
1980
2127
2100
2170
2010
2093
1998
2167
2077
2134
2045
1992
2196
2014
2099
1963
2057
2123
2066
1937
2095
2261
1959
1936
2068
2087
1904
1926
1919
2165
2005
2108
2120
2108
2120
1816
1949
2001
2118
1941
2008
1883
1963
2226
2011
1911
2084
1978
2073
2011
1935
1986
2180
1908
2124
2088
1942
1913
2253
1983
1917
1876
2111
2018
2116
2108
2261
1997
2134
1841
2142
1791
2157
2079
1936
2285
1994
1804
1697
2244
2102
1967
2041
2105
2184
2135
2159
2044
2274
2286
2035
2224
1853
2140
2254
2085
2103
2244
1869
1955
1914
1926
2396
1854
2187
1924
2180
1918
2217
1916
2020
1930
2136
1955
2035
1985
2424
1949
1987
1899
2206
2176
1778
2014
1912
2044
2089
2100
2024
1854
2012
2032
1992
2168
1793
2053
2214
1776
2065
2153
1981
2227
2127
2026
2115
2040
2126
2234
1923
2131
2077
2046
2111
2107
2225
2062
1934
2155
1917
2118
2085
2037
2286
2036
2082
1993
1997
1903
2017
1783
2238
1825
2286
2136
2032
1968
1927
1945
2091
1975
2036
2146
1810
2172
2051
1851
2089
2124
1864
1833
2246
2186
2192
2011
1975
1978
2026
1869
2221
2026
1990
2073
2101
2191
1956
1677
1901
1814
2234
2092
2263
2172
2130
2044
2137
1883
1889
2320
2074
2071
2025
2236
2000
2188
1827
2185
1940
1833
1963
2222
1975
2324
1999
1915
2108
1789
2026
2078
1874
2100
1701
1912
1871
1956
1985
1884
2042
1963
1854
1908
2000
2110
2123
1897
1841
2011
2011
1985
2011
2074
1784
2030
1985
2072
1938
1974
1868
1984
1934
2098
1795
2101
1899
1837
2273
2097
1987
2253
2022
2113
1849
2092
1934
2308
2028
1830
2305
2005
2019
2020
2111
2138
1776
2167
2160
2112
1817
1891
2224
1743
1976
1963
1962
2231
2084
2208
1922
2253
2006
2053
1935
2132
1985
1965
2251
1940
2414
1757
2140
2120
2096
2131
1893
1999
1850
2239
2085
2099
2247
2181
2095
2213
1905
1887
2141
2211
2218
1951
1884
1916
2075
2088
2073
2039
2247
2026
2201
2020
1999
2253
2011
2117
2239
2048
1863
1905
2049
1968
2258
1795
2148
1891
2065
1950
2078
1882
1895
2216
2117
1970
2196
2113
2073
1833
2166
2081
2064
2068
1931
2091
2129
2201
1908
1783
2117
2152
2018
2398
2065
2099
1975
2119
2207
2153
2026
1969
2060
2020
1650
2140
2127
1990
2085
1882
2138
2035
1868
2006
1988
2138
2082
2142
1764
2130
2058
1877
2177
2225
2078
1847
2090
2077
2010
2076
1994
1963
2084
2158
2053
2101
2141
2045
2116
2102
2076
1949
1789
2089
1999
1867
2147
2313
2001
1957
2094
2053
2092
1938
2108
2008
1981
1882
2113
1984
2309
2040
2224
1965
2015
1824
2006
2092
1948
1924
2025
2104
1942
2112
1892
1971
2177
1787
2083
2198
1936
1881
1821
1998
2098
2242
2057
2123
2135
1945
2104
2044
2016
2137
1949
1766
1981
2061
1918
1945
2095
1993
2194
2225
2069
2355
2252
2054
2099
2268
1986
2019
2167
2124
2001
1970
1857
1961
1946
2058
2009
1915
1999
2086
2089
1936
1878
2229
1938
2076
1924
2234
2171
2062
2139
2045
2077
2155
2140
2070
2035
1877
2240
2240
2332
2170
1965
2013
2059
1946
2146
2009
2069
1907
2213
1990
1786
1995
1887
2041
1961
2058
2051
1844
2005
2053
2079
1856
2074
2086
2293
1983
1830
2220
2162
2086
1998
1951
2094
2005
2168
2246
2008
2144
2077
2037
2307
2234
2124
2085
2136
1997
2082
2232
2094
2214
2121
1979
1943
2181
2326
1837
1845
1963
2077
1936
2218
1913
1924
2097
2208
1818
2005
2223
1888
2136
2150
2170
2044
2038
2095
1956
2204
1936
2071
2266
2064
2090
2085
2035
2092
2221
2140
2225
2061
1908
1984
1941
2081
1946
2121
2043
1853
1845
2035
2109
2002
2058
1918
1982
1996
2040
2007
2164
1873
2078
1947
2060
2063
2238
1957
1973
2262
1983
2079
2156
1915
1967
1990
2173
1963
2132
2120
1991
1984
2132
2085
1973
2011
2026
1991
2022
1975
2234
2207
2179
2041
2127
2110
2188
2187
2442
2210
2058
1963
2044
2063
1895
2072
2023
1904
2178
2054
2105
2328
2256
1839
2190
2203
2184
2054
2090
2137
1969
2066
1900
1981
2032
2127
1945
2095
2210
2043
1854
2079
2207
2075
2173
2092
2059
1904
2152
2117
2116
1934
2095
1997
1780
2084
2121
2121
1971
1847
2094
2229
1936
2288
2063
2101
1984
1997
2012
2234
1867
2095
2170
2221
2105
1910
2014
2104
2155
1983
2145
2045
2086
2084
1942
1940
2177
2189
2276
2129
2398
1931
2165
2062
2192
2015
2139
2093
1896
1851
2192
1889
2274
2252
2107
1709
2098
1953
2061
2029
2100
2056
2125
1847
2052
1883
2265
2080
2022
2049
2043
2058
2005
1916
2130
2125
2018
2021
1926
1911
1945
1892
1999
2126
1928
2013
1852
1868
2183
2081
2114
2108
1754
1777
2036
2005
2115
1826
2045
2003
1983
2026
2061
1912
2088
2168
2177
1864
2226
2052
1926
1977
2017
2092
1894
2137
2240
1989
2212
2076
2139
2017
1831
2083
2088
2159
2110
2041
1812
2086
2104
2068
2238
2004
2156
2014
2039
2071
2205
2091
2270
2159
1977
1914
2109
2044
1858
1932
1935
2187
2038
2021
2096
2013
1993
1845
2041
2094
2294
1891
2072
2111
1960
2151
2208
2172
1848
2026
1907
2039
2203
2043
2042
2005
2045
2184
1812
2010
2234
2066
1955
2037
1954
2108
2033
1998
2019
2154
1920
2040
2167
2100
1938
2148
1971
1918
2071
2268
1917
2007
2159
1991
2128
2055
1993
1880
2048
1842
2113
2085
1876
1960
2169
2260
1971
1847
2107
1709
2173
2012
2098
2059
1819
2132
2046
2129
2115
2039
2072
1889
1931
1896
2003
2078
2022
1998
2065
2090
1879
2046
1825
2045
2138
2316
1956
2016
1923
2012
2066
2151
2077
2090
2145
2264
2285
1987
2211
1838
2117
1775
2105
2000
2186
1982
1925
2046
2146
1901
2138
2052
1957
2231
2170
1978
2025
2211
2254
2389
1937
2044
2234
2119
1934
1803
2110
2131
2196
1972
1734
1941
2078
1912
1791
2188
1921
2205
1840
2009
1926
2177
2145
1877
2046
1978
2110
1898
2390
1970
2030
2199
2116
2166
2001
2081
1896
1950
2192
2000
1917
1933
2089
2006
2193
2166
1965
1994
1990
1976
2067
1997
2033
2201
2058
2003
2195
2069
1877
2164
2091
2145
1998
2008
1915
1987
1924
2037
1962
2013
2014
1952
2115
1980
2401
1985
2163
2036
2216
2081
1927
1832
1894
2061
1896
2188
1948
2064
1941
2229
2174
1967
2026
2159
2015
1940
2004
1850
2096
2021
2175
2201
2082
2050
2204
2028
1997
1962
2081
2079
1988
1911
1971
2122
2120
1975
2036
1991
2064
2174
2186
2319
2187
2192
2126
2138
1839
1988
2384
2309
2084
1902
2190
1727
1938
2177
2127
2095
2149
2153
2002
2069
2251
2162
2081
2139
2226
1860
2056
2208
2003
2232
2048
2063
2080
2089
1856
2253
1900
2094
2048
2157
2051
1973
2112
2063
2185
2222
1912
1929
2207
2109
1997
1952
1952
1935
2005
2024
2079
2203
2131
2084
1863
2143
1969
1945
1970
1909
1982
2251
2115
2287
1939
1798
2016
1859
1812
2288
2210
2101
1838
2351
2049
2266
1904
2035
2135
2171
2168
2146
1953
2007
2005
2301
2075
2076
2263
2107
2094
1928
2169
2026
2048
2087
1901
2090
2237
2143
2180
1750
1998
2052
2031
1981
2069
2255
2086
1741
1957
1789
1944
2214
2099
2013
2064
1941
2203
2202
2034
2168
2058
2103
2038
2030
2262
1759
2018
2098
2011
2162
2178
1982
2228
1792
2045
1947
2045
1996
1927
2130
1826
2252
2325
2139
1990
2172
2092
1964
1971
2130
1825
2029
2189
2158
2131
1796
1862
2018
2117
1939
1825
2163
2112
1794
1871
2182
1957
1976
2001
1917
2011
2101
1975
1823
1937
2027
2088
2057
2182
2081
1963
2147
1927
1961
2057
1870
1908
2103
1814
1905
2109
1950
2245
2129
2011
2089
2290
2134
1932
2130
1872
2138
2027
1941
2008
2090
1976
2074
2072
2282
2069
1926
2048
2087
2067
2142
2142
2222
2184
2285
2032
2050
2097
2158
2214
1968
2134
2115
2215
1963
2270
2127
2165
1882
1909
2312
2309
2113
2132
2205
2065
2021
1898
2150
2111
2132
2088
2020
1925
1969
1966
2035
2085
1884
2084
2013
2076
2121
2028
2049
1950
2235
2190
2123
2114
1931
2091
1944
2073
1903
2007
1998
1930
2109
1964
2026
2028
2059
1911
2043
1905
1880
1855
2104
2153
2107
1974
2139
1928
1732
2043
1985
2155
2235
1924
1860
1931
2258
2081
2179
2218
2364
2230
2163
2010
1878
2152
1974
2226
2148
2192
1853
1961
1883
2008
2212
2175
1892
1875
1771
2048
1984
2130
2011
2097
2125
1880
2168
2106
2103
2172
2277
2038
2113
1892
2097
1966
2113
2070
2049
1902
2024
2002
2051
2045
2215
1950
1953
2081
1960
2056
1968
2273
1853
1941
2059
2040
2061
2203
1868
1850
2110
2039
2252
1708
1959
2189
2202
2016
2116
2054
2029
1883
2128
2033
1929
1841
2174
1918
2107
2181
1784
2145
1971
2045
2028
2040
2039
2029
2209
2297
2284
1989
1958
2158
2129
2074
1895
1977
1989
2203
2012
2151
2063
2012
2107
2312
2142
2155
2177
1967
2049
2152
1853
1966
2061
2144
2028
2025
2183
2155
2184
2101
2008
1854
2119
2198
1930
1997
2283
1952
2193
2113
2280
1824
2023
2239
1973
2038
2266
2080
2078
2195
2121
2107
2112
2115
2068
1939
2134
2094
1978
2063
2047
1933
1957
1947
1975
1938
2139
1853
1992
2067
2022
2068
2077
2148
2134
2115
1782
2007
1884
1916
2158
2188
1900
2014
1763
2257
2016
2110
2219
1875
2029
2094
1949
2048
1947
1983
2288
1967
1894
2075
2143
2094
2093
1958
1996
2053
1944
2113
2228
2056
2319
2296
1937
1927
1855
2202
2016
2259
2181
1948
2076
2096
2072
1827
2169
2111
2100
2122
2125
1883
2026
2005
2046
1956
2124
2052
2132
2057
2166
2008
2050
2202
2200
1855
2341
2151
1959
2395
1922
2115
1922
2087
2157
1970
2289
2317
2175
2199
1764
2252
2027
2208
2242
1922
2124
2049
2266
2057
1874
2029
2005
1866
2200
1999
2018
1961
2340
2067
1997
1949
2024
2059
2008
1902
2110
2044
2058
1894
2229
2058
1967
2295
1863
2165
1988
2158
2028
2190
1962
1932
1981
2114
2010
2171
2170
1975
2050
2013
2070
2112
1869
2007
2258
2142
1974
2187
2113
1942
2059
2058
2080
2233
1887
2082
2311
1950
1809
2066
1965
2177
2093
1869
2146
2159
2130
2181
2156
2067
2174
2174
2022
1960
1755
2166
2008
2046
2063
1848
2001
2083
2042
2027
2170
2068
2072
2205
1898
2167
1909
1914
1998
1959
1981
1909
2164
1982
1875
2116
1894
2073
1945
1720
2100
2087
2239
1969
2272
1760
2016
1960
2010
1957
1840
2023
1937
2141
2141
1793
1835
2026
2042
1884
1983
1932
1828
2235
2029
1965
1994
2178
1982
2044
1859
2006
2300
2070
2113
1886
1964
2117
2145
2137
2025
2049
2281
2034
2090
2101
2053
2147
2107
2021
1940
2151
1974
2122
1755
2197
2109
1920
2068
2085
2212
1853
2167
2131
1960
2057
2214
1981
2321
1752
2052
2334
2142
1973
2199
1905
2039
2103
2111
1964
1906
2108
2242
2244
1949
1936
2063
1919
2131
2018
1914
2256
2037
2065
2023
2002
2044
2119
2325
2234
2285
2040
2079
2017
2059
1957
1947
2155
1878
2146
1874
1996
2071
2198
1918
1765
2024
2193
2018
2131
2084
1917
2017
2084
2047
2104
2049
1791
2181
2258
1966
2124
2160
2104
2215
2252
2176
1858
2078
2066
2192
2131
1872
2309
2040
1818
2181
2201
1988
2150
2019
2147
1891
2202
1760
2106
1925
2149
1960
2061
1999
2187
2113
2117
2014
2025
2051
1913
2083
2022
2142
1767
1936
1934
2012
1976
2151
1951
2124
2232
2015
1969
2035
2168
1938
2404
2226
1908
1912
1826
2078
2163
2059
2081
1859
2029
2053
2323
1891
2035
1867
2021
1993
2060
2446
2061
1939
1971
2236
2059
2155
1906
2100
1999
2092
2116
2019
2152
2121
1992
2154
2029
2112
2009
2057
1981
1884
2294
2041
2219
2108
2126
2042
1979
2147
2051
1926
1953
2053
1955
1994
2067
1917
2239
2014
2011
2217
1900
1930
1822
1964
2042
2066
1990
1976
1866
1924
1958
2002
1885
2222
2004
2032
2196
1920
1947
1935
2111
2209
2091
2062
2128
2136
2291
2017
2143
2090
1890
1951
1888
2058
2389
2089
2023
1843
1994
1970
2237
2028
2107
2277
1753
2001
2083
2043
1994
2296
1898
1997
1821
2113
1878
2229
2107
2040
1938
2036
2202
2145
2143
1990
1979
2033
2133
1905
2088
2244
1948
2027
2235
2253
2096
1985
2059
1992
2096
2068
2133
2101
2080
2073
2202
2209
2052
1902
2055
2272
2068
2016
2170
2239
2305
1884
1845
1809
2044
2265
2025
2064
2160
1980
1979
2050
1891
1917
1906
2074
1938
2257
2162
2091
2072
2208
2080
2044
2051
1940
1796
2057
1868
1775
2211
2076
1948
2123
2118
2012
1941
2076
2116
2139
1922
2133
2103
1731
2050
1945
1882
1929
1953
2253
1973
2210
2043
2109
2237
2057
2016
2027
2114
1982
1952
2242
2115
2090
2186
2027
2258
2122
2129
2142
2040
1941
1992
2124
1874
2253
1857
2124
1955
2056
2016
2194
1913
2117
2114
2059
2092
1887
2076
2080
2010
2074
1900
1962
2087
2242
1894
1899
2095
2036
2256
2236
2061
1789
1997
2181
1988
2084
2215
1797
2067
2095
2140
2004
2152
2211
2034
1977
2070
1967
2029
1981
2089
1898
2126
2111
2048
1830
2080
1728
2162
2200
2150
2022
1839
2155
2144
2069
2118
2297
2097
2144
1855
1936
2149
2076
2117
2063
1995
2025
2194
2036
1929
2013
2009
1927
2128
2041
2139
2139
1958
1999
1929
2010
1899
2129
2022
2094
2065
2131
2060
1985
2028
1764
1942
2192
2105
1970
2060
2097
2099
1863
2097
1974
2159
2254
2279
1995
2036
2058
1955
1928
1948
1911
2196
2247
1929
1894
2164
2129
1954
1898
1947
2069
1995
2113
2266
2053
2099
2044
2005
2079
1919
1871
2145
2200
2015
2023
2216
2098
2133
2283
2172
2198
1678
1834
2092
1756
2124
1975
1980
2065
2173
2135
1944
2044
1854
2266
2058
2043
2045
2067
2088
2158
2210
1989
1916
2093
1961
2047
2290
1885
1870
2099
2161
2192
2240
2071
2176
1865
1915
2159
2260
2010
2087
2106
2232
2270
2093
2246
2156
1788
1966
2003
2132
1921
2189
2118
2059
2012
2011
2097
2111
2011
2107
1922
2009
2208
1995
1975
1999
1886
2121
1758
2177
2129
2074
2016
1914
2121
1920
2052
2013
2029
1684
1981
1918
2187
2237
2085
1796
2033
1950
2003
2033
2007
2241
2052
2057
2015
2036
2311
2030
1904
1979
2262
2044
2228
2169
2056
2216
1973
2038
1942
1881
1935
2154
1924
2085
1972
1940
2106
1993
2219
2068
1843
2017
2049
2140
2006
1886
2190
2033
2148
2196
1925
1801
1880
1828
1836
1998
2098
2014
2004
2045
1909
1965
2196
2229
2332
2173
2089
2116
1859
1945
2270
2257
2172
2180
2098
2110
2063
1946
1982
2253
1990
2194
1974
2064
1830
2240
2066
2173
2140
2010
1785
2036
2045
1882
1832
2004
2121
2027
2013
2009
1907
1954
2115
2036
2218
1846
2080
1995
1808
2011
2038
1866
2125
2049
1621
1926
2114
2402
1810
2097
2206
2125
1996
2334
1903
2157
1970
1955
2196
2135
2243
2091
2158
2265
2080
2232
1888
1982
1937
2113
2059
1923
2147
2027
1759
2148
2214
2131
1916
1942
2039
2020
2240
2182
1907
2025
1943
2014
1960
2019
2128
2134
2081
2122
1956
1994
2181
2032
2112
2207
1880
2270
2203
2270
1948
2183
2211
1985
1984
1878
2097
1882
2155
2121
1911
2069
1836
1883
1889
2052
2037
1952
2065
2117
2107
1975
2159
2121
2089
2222
2091
1957
1910
1967
1903
2045
1918
2091
2120
1961
1976
2075
2060
2000
2019
1856
2165
1941
2263
2005
1957
1920
1735
1952
1936
2091
1918
1787
1980
2032
2028
2178
1960
2006
2203
1783
1985
2242
1786
1962
2159
2076
2094
2103
2000
2230
2292
2117
2042
1797
1982
1807
2057
2180
1886
1859
2107
1960
2117
2118
1993
2105
1873
1907
2025
1981
2074
2312
1945
1825
2040
2150
1963
1845
2035
2077
1943
2189
1876
2148
2108
2091
2157
2197
2127
2032
2050
2237
1907
1862
1934
1945
2094
2112
2002
2021
2077
2196
1875
2152
2211
2110
2072
2089
2182
2270
1979
1920
2145
1946
1975
2161
1878
1982
2159
2069
2318
1965
1975
1888
2168
2160
2064
2027
2082
2002
2159
2132
2223
1871
2059
2059
1831
2055
1796
1943
1792
1926
1881
2153
2125
2039
1621
1907
2421
1974
1980
1986
2065
2036
1799
2078
1927
2010
1987
2165
1960
2206
2055
1979
2097
2060
1621
2145
2077
2338
2076
2256
2122
1763
2138
2043
2014
2078
2338
2212
1826
2174
2035
1802
1977
2067
2049
1878
2012
2183
2017
2142
1820
1868
1971
1997
2063
2041
1901
2079
1839
1993
1955
1972
1984
2052
2077
2143
1905
2109
2068
2080
2101
2136
2193
2054
1921
2041
2038
2123
2103
2032
2287
1983
2055
2037
2113
1895
2175
2181
2136
1961
2049
1920
2126
2234
2066
1869
2063
2212
1997
2145
1945
1774
2051
1857
1872
1977
1961
1946
1922
2049
1977
2041
1895
2115
2172
1971
1859
2119
2092
1831
2173
2256
2146
1873
2020
1824
2137
2166
2024
2226
1915
2030
2122
2433
1865
1867
2063
2164
2129
1947
1911
1922
1927
1974
2113
2186
2319
2253
1910
2166
2056
2104
2246
2002
1862
2040
2072
1963
2148
2024
2251
1997
2039
2082
2111
2007
2154
2100
2129
2155
2235
2161
2076
2100
1956
1852
2257
2193
2275
1965
1770
1861
2150
1975
1974
2031
2231
1999
2074
2139
1903
1873
2143
2222
2017
2139
2226
2007
2258
1904
2064
1876
2261
2120
2021
1813
2217
2235
2114
2119
2196
2087
2027
2063
2076
2081
1939
2128
1855
1985
2336
2312
2087
1998
2148
2038
2155
1939
2153
1941
2011
1816
2034
2205
1968
2081
2075
2221
1970
2110
2196
2332
1968
2170
1996
2141
2243
2051
1928
2096
2127
2219
2004
1883
1930
2026
2068
1951
2188
1997
2114
2093
2301
1979
1938
2094
2197
2030
2142
2114
2244
2087
2004
2267
2151
2091
2058
1897
1928
2200
2078
2049
1761
2062
1991
2006
1947
2072
2234
1928
2064
1958
2122
2117
2127
1833
2237
2121
1958
1979
2047
2202
2024
2136
2116
1934
2015
1997
2158
1934
2147
2253
2163
2036
2010
1735
1905
1853
2361
2044
2251
1896
2104
2179
2113
1745
2112
2095
2161
1998
1933
1918
2024
2272
2092
2002
2238
1964
2207
1897
2201
2009
2117
2222
1855
2148
1788
1953
2013
2111
2236
2026
2203
2100
2071
2173
2085
2202
2051
2019
2077
1678
2145
1899
2072
2049
2283
2007
2029
2070
2028
2149
2190
2024
1997
1923
1967
2158
1841
1868
2081
2115
1914
1912
1965
2288
2059
2125
1954
2076
1992
2203
2279
2115
1805
1952
1975
2022
2063
1889
2317
2082
1897
2031
2124
2194
2100
2128
2123
2207
2128
2069
2211
2008
2059
1909
2073
1901
2110
2157
2151
2128
2216
2135
2307
2027
2026
1939
2068
1911
2194
2024
2122
1893
2118
1955
1970
1931
2192
1972
2064
2260
1965
2131
2193
1891
2243
2157
2044
2096
2018
1781
1885
2104
1999
1784
2103
2101
1959
1909
1867
1896
2008
2077
2015
1855
1942
2228
2079
2008
2007
1894
2084
2046
1954
2176
1998
1821
2376
2060
1966
2176
1931
1890
2061
2005
2129
2026
1817
1945
1953
1853
1954
2225
2096
1819
2023
1973
2016
2127
1955
2054
2057
2030
1969
1922
2008
2029
1919
1978
1962
2132
2172
2025
1731
2161
2007
1962
2001
2068
2208
1991
1990
1898
2009
2000
2024
2194
1950
2171
2023
2032
1885
1989
2005
1929
2120
2201
2043
2011
2109
2130
2052
1954
2190
2150
1963
2200
2086
2141
2089
2168
1933
1983
2063
1950
1921
1871
2257
2043
2276
2096
2020
1919
1950
1868
2046
2185
2112
2189
2051
1992
2016
2133
1926
2286
2232
2168
1983
2084
1803
1762
2154
2126
1937
1994
1932
2158
2220
1794
2063
2127
1881
1866
1911
1923
1894
2092
2001
2051
1937
1990
2087
1900
1962
2137
2188
2076
2111
2114
2262
1845
2025
2018
2059
2186
1870
2090
2096
2000
1963
2198
2109
2074
2085
1983
2151
2144
1911
1787
2026
1969
2014
2010
2005
1958
1976
2168
1885
2270
2064
1954
2164
2094
1937
1831
1974
1936
1879
2157
2173
1882
1767
2189
2106
1854
1796
2177
2057
2173
2199
1784
1992
1967
2126
2149
2078
2074
2056
2172
2110
2163
2003
2132
2248
1892
1874
2050
1991
2067
2082
2199
1832
1998
2006
1974
1878
1954
1782
2259
2026
2166
1813
2219
1991
2183
2013
2090
1990
2013
2057
2129
1838
2113
1833
1864
2137
2118
1942
1966
1815
1932
1918
2066
2153
2083
1955
2262
2074
1904
2255
2058
2013
2120
2305
1980
1986
2104
2096
1991
2018
2085
2000
2034
2062
2181
2186
1958
1983
2123
1899
2141
2220
2133
2181
2104
2191
2108
1998
2041
2142
2153
1775
1836
1964
2033
2169
1963
2271
2216
2026
1944
2126
1833
2152
1937
2052
2088
2000
2026
2284
2192
1820
1930
1878
2185
1871
2052
2109
2179
2011
1886
2022
2212
1974
2222
1722
2009
1995
2213
2056
2163
2102
2015
2110
2310
2008
1960
1939
1925
2016
2040
1871
2124
2104
1970
2195
2136
2082
2007
2142
1963
2049
2087
2201
1975
1993
2119
2022
2113
2116
2001
2037
2167
1983
2104
2166
1842
2070
1790
2019
2067
2095
2257
1914
2017
2022
2239
2062
1976
2087
1881
1909
1929
1979
2007
1992
1921
2276
1951
2231
1979
2020
2110
1975
2023
1923
2198
2127
1866
2284
2071
1996
1897
2087
2073
1998
2260
2213
1970
2037
1995
1779
1972
1959
2171
2105
2291
2041
2072
2169
2002
1985
2308
1812
1914
2171
2053
1937
2000
2101
2096
2065
2090
2044
2113
2062
1985
2126
1897
2091
1693
1865
2150
1979
1890
2234
2010
2187
2169
1709
2041
1977
2018
2021
2036
2217
2030
1925
1954
2198
2223
1896
2141
2026
2025
2051
2091
2132
1901
1998
2070
2006
2118
2007
1938
1936
2086
1923
2133
1855
2022
2058
2227
1957
2044
2075
1787
2006
2369
2229
1722
2060
1931
1988
1942
2023
1999
2097
2068
2108
2154
2198
2048
2156
1931
2032
2053
2138
2024
2023
