3990
2050
2016
1933
2521
2309
1843
1698
1983
2144
2074
2142
2180
1852
2267
2028
1982
2335
2612
2164
1818
1945
2301
2218
2345
1732
1989
1902
2002
1834
2061
2230
2366
2029
1786
1823
1965
1910
1539
2509
2012
1952
1911
2187
2217
1748
1810
2063
1844
2171
2029
1826
2155
2096
2284
2135
1784
1947
1868
1843
2045
2620
2075
2115
1828
2207
2178
2201
2066
2005
1795
1813
2312
1984
1940
2105
1796
2112
2409
1899
2391
2237
1649
1954
1801
1585
2316
1586
2009
2328
2117
1751
2240
1822
2151
2229
2257
1780
2051
1635
1782
1751
2322
2145
2217
2049
2300
2045
2210
2072
1579
2255
2164
1951
2203
1825
1799
1981
2167
2427
1832
2021
1912
1763
2459
2034
2360
2209
2346
2395
1762
1965
1929
2175
2297
2559
1789
1979
2280
1741
1999
2429
1951
1993
2522
2174
2422
2283
2281
2165
2038
1793
2334
2426
2182
2110
1994
1843
1994
2334
1990
2503
1743
1829
2105
1994
2230
1751
2134
2044
1856
2207
2342
2344
2277
2399
2294
1267
2213
1785
2097
2179
1817
2164
1802
1923
2271
2061
2213
2000
1913
1734
2083
2089
1911
2067
2117
2172
2738
2262
2334
1811
2122
1799
2267
2210
1792
1923
1943
1914
1601
2513
2267
2118
1907
2636
2179
1932
2058
2164
2138
1663
2025
1975
2187
1935
2228
2019
2034
2230
1744
1846
2584
2072
2350
1813
2208
2195
1801
2540
2170
2040
2234
2183
2037
2295
2362
2115
2208
1729
1912
2070
2220
2260
2181
2079
2103
2300
1576
1891
1689
2235
2193
2008
2637
2310
2335
2026
1570
2002
1733
2465
1753
1726
2141
2149
2017
2661
1637
2521
1837
2106
1969
1917
1944
2246
1987
2179
1771
2371
2015
1667
2336
2356
2325
1880
2129
2161
2000
2505
1908
1669
2062
2090
2020
1960
2373
1663
1977
2051
2519
1444
1825
2278
1794
2682
2346
1671
2813
1716
1925
1663
1494
1975
1974
2118
2591
1969
2372
2391
2151
2034
2375
2441
2037
2764
2100
2066
1809
1978
2154
2072
2182
2051
2087
1698
1983
1775
1997
1923
2152
1912
1547
2023
1956
2553
1933
2177
2133
2005
2190
1806
2137
2118
1889
2139
2405
2348
2517
2173
2309
2164
1874
2176
1759
1819
1735
1839
1776
1750
2118
1463
1848
1433
1769
1891
2053
1667
2090
1959
2266
1993
2437
2127
2144
1897
1651
1638
2023
2597
1850
2164
2292
1831
2174
1780
1957
2057
1725
2039
1923
2395
1941
1724
1627
1997
1624
2179
2215
2246
1629
2116
2191
1902
2229
2231
2763
1956
1712
2229
1398
2167
2200
1822
1829
2150
1844
1824
1537
1756
2227
2092
2146
1597
2155
1941
2065
2282
2180
1788
2159
1890
1710
2029
1892
1959
2378
2175
1875
2007
1942
1604
2021
2230
1449
2002
2070
2252
2657
2377
2736
1839
1855
2339
2656
1782
1791
2175
1630
2227
2299
1809
1501
2768
1591
2598
2101
2311
1922
2067
1346
2006
1937
2191
2367
2245
2254
1655
2411
2371
1991
1978
2264
1600
2279
1255
2136
2085
2230
2189
2001
2137
2313
1992
2304
2079
1961
1719
2052
2043
1843
2123
2762
2138
1649
2099
1756
1705
1776
2126
1766
1897
1909
1605
1932
2058
2172
2099
1878
1976
1985
1862
2211
1797
2185
1972
1834
1962
2006
1663
2025
2098
2052
1803
2383
1769
2192
1996
2261
1959
1920
2005
2244
2061
2293
2220
2290
2330
2140
2184
2153
2322
2283
1888
1558
1674
2448
2063
1948
2016
2104
1976
2661
1893
2165
2229
2278
2175
1926
1500
2055
2157
2239
1790
1822
1801
2264
1584
2596
1879
1981
2689
2014
2523
1940
2121
2454
1783
1545
2223
1924
1571
1948
2233
2104
2087
2174
1957
2160
1837
2040
2117
2177
2024
2016
1948
1905
2092
1949
2038
1833
2144
2261
2377
1666
2020
1905
2186
1817
2530
1758
2025
1890
2243
1977
2367
1967
1877
2355
2236
1523
1929
1650
1687
1555
1749
1678
2252
2163
2213
1925
1948
1859
2104
1921
2085
2137
2334
2011
2192
2222
2181
1859
1950
2175
2095
2091
1729
2099
1936
1929
1856
2124
1620
1787
1694
2220
2443
1706
2186
1939
2292
2102
2435
1576
1764
1834
1700
2227
1879
1805
2243
1895
1782
2064
1743
2374
2687
1919
2072
1854
1663
1743
1955
1786
2217
1940
2080
1979
1674
2468
2165
2308
2118
2322
1727
2036
1921
1883
2292
1734
2404
1725
2324
1384
1932
2075
1605
1792
1987
1801
2431
1817
2166
2280
2165
2190
2049
2239
1906
2032
2058
2027
2306
1909
2268
1637
2052
1885
2316
1895
1676
2263
1613
2174
2006
2177
2009
1906
1583
2195
1822
2315
2336
2349
2108
1648
1871
2257
2135
2074
2055
2119
2048
1909
2048
1913
2114
1831
1967
2152
2107
2378
1582
1863
2078
2038
2366
1799
1700
1869
1801
1936
2240
2150
2522
1877
2303
1737
2151
1677
2129
2011
1876
2688
1432
2101
2523
2118
1874
2208
1946
2121
2074
2218
2422
2066
2003
2318
1978
1636
2344
1737
1898
1935
2014
2554
1790
1833
2125
2427
2151
2109
1969
1985
1662
2247
2013
1973
1898
2334
1841
2524
1982
2444
2553
2316
2323
1758
1350
1972
2206
1666
2052
2025
2208
2075
2357
2070
1999
2576
1735
2417
2230
1637
2107
1948
1637
1885
1911
1910
1801
2288
2226
1795
1975
2255
1781
2139
1517
2306
2215
1896
1756
2073
2485
2123
1786
1782
1960
2101
2236
1595
2205
1978
2123
1960
1939
2052
2416
2817
2100
1700
1966
2384
2072
2009
2000
2145
1845
2070
1831
1849
2388
2208
2115
2342
2015
2133
1954
2539
2257
2246
1849
1905
2343
1817
2491
1912
2177
2153
1985
2115
1648
2053
2116
1658
2174
2035
2244
2028
2149
1956
1845
2050
2217
2122
2161
1886
1747
2096
1790
2206
2006
1929
2143
2292
2259
2005
1816
2384
2090
2150
2323
1758
2265
1783
2195
2088
1802
2385
2113
2127
2212
2371
1893
1571
2072
2009
1675
2071
2199
2154
2371
1982
1904
1720
2166
2154
1940
1817
1764
2153
2125
1848
2076
2318
1626
2002
2351
2009
2144
1732
2366
2321
1921
2159
1653
2396
1988
1742
2301
2034
1833
2072
1328
1879
2342
1942
2147
2531
2051
2079
2080
2452
1747
1929
2413
2254
2178
1897
2264
2124
2325
2591
1910
1894
2000
1546
2480
1495
2168
2237
2135
1968
2809
1663
2344
2234
2592
1852
1731
1931
1872
1781
2409
1854
1925
2052
1927
2022
1732
2139
2066
2386
1998
1995
2343
1817
1663
2062
1468
1834
2581
1672
1853
2187
1939
2315
1652
2414
2133
1953
1631
2179
2126
1738
1978
2336
2565
2008
1527
1655
1871
1819
2154
2170
2249
1997
1928
2189
1905
2234
2203
2140
2152
1920
1798
1989
2146
2317
2336
2040
1951
1875
2724
1928
2278
1685
2307
1660
2117
2120
1993
1930
2076
1674
2100
2384
2380
2204
1891
1972
2172
2738
1984
2144
1640
2285
2297
2459
1882
2608
2218
2056
2027
1831
2010
1828
2045
1932
1899
1550
1777
2098
2123
1982
1819
1792
1943
1698
2033
1727
1881
2114
1944
2346
2194
1915
1825
2001
2125
1743
1997
1905
2143
2189
1809
2316
2070
2449
2524
1964
2297
1880
1887
1761
1535
1927
1818
1975
2213
2229
2394
2107
2194
1323
2280
2030
2190
2283
2161
2101
1958
1717
1926
1996
2008
1632
2049
1658
1874
2137
2115
2311
2039
2538
1869
1920
1943
2102
1510
2435
2169
2105
1762
1934
2066
2089
2025
2047
1649
2073
2063
1849
2130
1850
2409
2531
1998
1907
2209
2015
1919
2173
1980
1870
2147
1773
2092
1933
1761
2072
1751
2296
2003
2055
1689
2293
1814
2068
2257
2011
2298
2232
1635
2212
2234
2052
1895
1900
1686
2270
2064
2101
2004
2060
2065
1414
1739
2495
2123
2206
1859
1988
2440
2017
1826
2112
1956
1852
2293
1846
2195
2025
1610
2140
2093
2131
2258
1749
2251
1872
1694
1753
2158
1501
1704
1664
2110
2145
2077
1666
1732
2403
2030
2128
1532
1940
1583
2260
2193
2139
2533
1803
1866
1799
2166
1578
1945
2056
2488
2135
2448
1606
2080
1836
1738
1837
1995
1953
1952
2442
2129
2157
2269
2003
2321
2585
2251
2114
1727
2107
1819
2378
2108
1780
1946
1587
2250
2155
1824
1911
1839
2446
2460
2026
2200
2149
2039
2098
2212
2084
1879
2189
1865
1755
2131
1750
2242
2163
1914
2355
1636
1918
1810
1953
2159
2100
1932
2081
1695
2253
2398
1959
2024
2156
1966
2154
2204
2447
1846
2373
2052
1887
1734
2130
1709
1585
2043
2277
1944
2398
1953
1255
1901
2436
2065
1949
1950
2350
1992
2207
2267
2120
2033
2030
2353
2055
1702
1661
1664
2439
2419
2001
1697
2168
2281
2203
1990
2151
1624
2074
2183
2299
2134
2355
2028
2137
2260
1788
1745
1883
1794
1764
2288
2161
2132
1813
1918
2037
2511
2555
2156
2023
2276
2263
1958
2067
1533
2029
1522
1951
2409
2101
1885
2184
2356
2109
1982
1828
1744
1960
1669
1503
1856
2055
2280
1964
2126
1892
1804
1964
2131
1797
2032
1967
1633
2063
2487
2529
1863
1929
1924
1995
2395
1913
2071
1813
1955
1978
2355
1782
1893
2035
1743
1984
2325
1726
1821
1877
1589
2145
2313
2142
1938
1898
1641
1673
2048
1975
1850
2055
1972
2056
2172
1768
2445
1782
2471
1749
2079
2199
2059
2250
1978
1730
2449
1646
2055
2145
2426
2066
1849
1815
2077
2417
2036
1880
1803
2051
1580
1677
2261
2401
2036
2214
1954
2147
2417
2111
2117
2347
1945
1927
1796
1886
2011
1914
2073
1972
2013
2227
2227
2287
1827
1990
2271
1854
2548
1984
2283
2460
2110
2164
2330
1522
2002
2178
2241
1956
2002
1863
1919
1682
2397
2268
1821
1768
2034
1756
2160
1998
1707
2661
1707
2184
2747
1994
1581
1997
2130
2231
2034
2372
2192
1961
1766
2261
2386
2098
2301
2016
1881
2168
2214
2043
2209
1894
2038
2126
1992
2025
1718
2161
2049
1744
1537
1874
2267
1555
1886
2269
1866
2165
2003
2281
1457
1924
1832
1703
2066
2061
1609
1978
1814
1799
2011
1861
1547
2067
2071
1814
2037
1817
2059
1839
1630
2474
2325
1916
2158
2264
1680
1902
1856
2050
1883
2109
1635
2212
2405
1957
1942
2482
1992
2160
1996
1838
2448
2314
2409
1927
1815
1863
1757
1979
2155
1622
1960
2168
2125
2175
1949
2503
1640
2073
1894
1801
2630
1754
1456
1796
2245
2312
2040
2115
2042
2133
1974
2030
2099
2009
1974
2389
1602
1790
1624
1868
1875
2029
1708
2362
1938
2104
2240
2506
2201
2009
2251
2704
2208
2149
1806
2087
2310
2335
2105
2219
1964
2017
2472
2287
2115
1782
1927
1425
1977
2101
1775
2025
1692
2009
1789
1711
2366
2545
2272
2075
2623
1824
1701
1598
1915
1892
1924
1980
1758
1806
2392
1560
1775
1997
1867
1949
1543
1788
2089
1900
1987
2571
1864
2004
1742
2153
2237
2076
1955
1928
2438
1657
2171
2183
2080
1958
2112
2134
1923
2238
1919
2225
1396
2308
2134
1707
2102
1884
2152
1966
2325
2232
1971
2267
1682
1881
1768
1975
1975
2227
2376
1850
1899
2332
2123
2109
2195
2006
2366
1835
1872
1841
2110
2123
1981
1905
2264
1756
2134
1865
1906
1821
2636
1430
2374
2096
2256
2287
2058
2067
1599
2665
1862
2424
2242
2214
1695
1739
2437
2018
1967
2138
2153
2255
1944
1825
2184
1882
2253
1956
1883
1753
2107
2507
2132
1745
2057
1863
1970
1787
2079
1634
1850
2536
2141
1808
1967
2031
2237
1592
2092
2117
2076
1921
1951
1773
1992
2128
2203
1944
1941
2330
1778
2119
1829
2271
2048
1909
1760
2016
2296
2213
2090
1634
1474
2277
2238
2014
1746
2030
2079
1924
2143
2311
1862
2290
1424
1933
2260
2036
2108
1958
2300
2124
2174
1885
2354
2502
1985
2011
1926
2310
2214
2259
2160
2084
2462
1690
2505
2402
2166
2041
1284
2039
1877
2084
2072
1734
2071
2079
2125
1902
1878
1913
2009
2039
2130
2403
1798
1927
2250
1963
1741
1860
2268
1659
2349
1979
2123
1801
1932
2072
2514
2534
1985
2282
1896
2355
1722
1718
1927
1925
1852
1915
1799
2002
2333
1876
2318
1814
2570
1525
2050
2079
1954
2130
1869
2006
1928
2019
2200
1747
2647
2330
1946
1816
1859
2036
2059
2097
2068
2700
2105
1795
2197
1989
2334
1997
2030
1661
1899
1873
2025
2050
1885
1837
2192
1843
2105
1993
2069
1875
2253
1956
2290
2089
1988
1981
2169
2638
1768
2107
1941
2487
2381
1730
2375
2164
1911
2167
2104
2192
2252
1707
2045
1911
1629
2105
2229
2290
2527
1634
1641
1952
2001
1953
2190
1874
1843
1807
2116
1857
1647
1577
1681
2070
1723
2028
1890
2264
2055
1793
2144
1759
2129
1802
2049
2098
1724
1850
2147
2037
2350
2002
2026
1732
2162
1986
2363
2235
2307
1824
1892
2461
2521
2314
1507
1699
2389
1672
2270
2159
2072
1885
2704
2439
2257
1779
2189
2384
2045
2079
2404
1725
2450
1946
1748
1953
2183
2119
2174
2235
1907
2451
2120
1634
1930
2271
1698
2069
1639
2124
1929
2361
2490
2311
2186
1982
1994
2032
2013
2431
1816
1942
2100
1993
2136
1802
2030
2169
2054
1959
2334
2033
2196
2043
1945
2059
2399
1759
1385
2040
2064
1938
2045
2198
1944
1913
1594
2179
1983
2288
1799
2063
2517
1504
1924
2087
1790
1799
1893
1891
2104
2412
1944
1962
1924
1319
1965
1982
2161
1968
1907
2263
1778
2482
1889
2002
2166
1917
2244
1971
2561
2466
2075
2063
1853
1981
2086
1941
1840
1977
1937
2364
1896
2482
2001
1987
1892
2363
2372
1949
1993
1960
2371
1795
2400
2108
2093
1789
2022
1918
2076
2125
2301
1949
1621
2206
2306
2258
1895
1991
2216
2154
2039
2098
2513
1954
1914
2040
2294
2084
2277
1818
2228
1867
1970
1588
2176
2249
2147
2370
2088
2432
1991
2130
2184
1966
2299
2215
2124
1875
1549
1776
2283
2332
2430
2376
1611
2174
2164
1926
2464
1738
2027
2124
1817
2222
2165
2242
1732
2440
1836
2092
2226
1952
2141
2194
1953
2053
2225
2340
1975
1996
2023
2107
1738
1934
2142
1512
1858
2409
2107
1854
2072
2352
2270
1974
1959
2157
1993
2073
2392
2038
1729
2372
1729
1842
2443
1823
2533
2291
2170
1680
2270
1697
2043
2119
2293
2194
2274
2081
2041
2428
1523
1778
1650
2063
2313
1987
1776
1940
2224
2087
1906
2453
2082
2142
2216
1692
1986
1972
1817
1936
1798
2218
2650
1879
1954
2096
1908
2115
2237
2033
2278
2201
2016
2046
1613
1887
2251
2137
1810
1940
2091
2105
2069
1952
1601
2065
2353
2251
2308
2395
1962
1918
2344
2315
2102
2128
2083
1699
1753
1939
2034
1858
1853
1781
1862
1979
2403
1910
1766
2093
2386
2272
1697
2197
2017
2308
2125
2075
2438
1548
2289
2108
2441
1393
2301
2131
1933
2437
2386
2013
2187
2592
2048
2025
2101
1836
1849
2428
1992
1912
1996
2320
1776
2112
1849
2260
1718
1878
1899
1971
2311
2014
2084
1868
2438
2208
1941
1833
1854
1783
2409
2251
1979
1890
1864
2275
1868
2213
2083
1989
2583
1538
2246
2008
1827
1674
2224
1471
2068
1944
1864
2288
1746
2484
2544
1500
2155
2037
1960
2375
2130
1778
1923
2436
1499
2485
1954
1961
1651
2014
1848
2100
2181
2156
2221
1724
1658
1956
1914
2667
1849
1436
1734
2191
2350
1986
1841
1883
1663
2072
2207
1888
1853
2031
2543
2084
1823
2277
1886
2103
2029
2105
2146
1992
2194
1908
2064
2090
1682
1429
2041
2401
2158
2189
1953
1868
2265
2200
2537
2263
2038
2283
2116
2251
2081
2078
2101
2062
1850
2426
1804
2322
1903
2002
1434
1888
2418
1992
1948
1888
2122
1678
1577
2089
2504
2210
2050
1972
2055
2293
1696
2358
1787
1581
1890
2065
1697
2104
2060
2067
2234
2135
2398
2234
2072
2238
1882
1539
2471
1700
1742
1909
2097
2288
1977
2266
2199
1863
2146
1863
1601
2054
2186
1714
2104
2588
2040
1684
2221
1882
1931
2270
1925
1417
1772
2158
1947
2465
2056
2027
2270
1942
1913
2016
2389
2263
2011
1957
2117
1901
2186
2150
2064
1839
1971
1830
1975
2099
1978
1813
1698
1810
2546
1854
2617
1918
2463
1932
1915
1835
2136
1730
1887
1791
2055
2078
2280
2035
2356
2063
1957
1992
2192
1896
1976
2141
1860
2306
2099
2202
1494
1859
1979
1918
1727
1938
1571
2212
2214
2183
1966
2325
2234
2075
2539
1784
2118
1889
1718
2152
1475
2381
1891
2050
2487
2003
1857
1844
2007
1706
2157
2400
1725
2246
2195
2066
2340
2222
2478
2166
2084
2394
1862
1877
1726
2005
2366
2197
1668
1762
2007
1707
1794
1847
1876
1788
2377
1626
2230
1664
2075
1893
1751
2183
2336
1540
2279
2193
1879
1849
1990
1870
1734
1835
2331
1990
1888
2644
2362
2039
2204
2075
1728
1981
1939
1829
1935
1533
1908
2029
2362
1869
1895
2109
1551
1654
1898
2445
1725
2346
2128
2124
2145
1403
2377
1947
2042
2186
1690
1702
2067
2134
1761
2094
1760
1587
1890
1888
2221
1943
2401
2282
1498
1611
2019
2034
2135
2307
1741
2188
2337
1797
1760
2116
2269
1382
2042
2335
2329
1779
2149
2139
1474
2277
1824
2150
2360
2487
1902
2028
2219
2202
1950
1938
2179
1928
2339
2790
1827
2252
2446
1957
2342
1965
2306
2280
2104
2137
2023
1695
2135
2134
2037
2160
1869
1932
2293
2186
2099
1939
1451
2070
2570
2112
2052
2192
2313
2093
2124
2016
1986
2159
2186
2243
1536
1752
2330
2278
2278
1767
1925
1767
1615
1888
1876
1979
2124
2079
1947
2295
2066
1696
1989
1701
2429
1647
1912
1775
2055
2277
2122
1962
1708
2245
2425
2326
2094
1682
1999
2177
2129
2096
1865
2101
1843
1978
1436
1733
2316
2182
2365
2161
2320
2020
2059
2153
2300
2287
2109
1776
1978
1936
2294
1972
2217
1781
2166
2131
2200
1997
1839
1965
2167
2032
1700
2325
2080
2452
2037
1540
2171
2183
1726
2076
2121
1563
2069
1833
1731
2327
1956
2146
1853
2120
2197
2257
2438
2280
1897
2304
1447
1793
1995
2321
1689
2088
1928
2366
1907
2275
2027
1875
2332
2181
1969
2021
2258
1676
1772
1740
2265
2063
2163
1907
2389
2004
2583
2140
1990
1836
1641
2103
1955
2277
2198
2382
2164
2458
2216
2154
2197
1936
1381
1942
2539
2120
1873
2071
2037
1550
2338
1694
1629
2012
1794
2456
2234
2010
2034
2011
2124
2347
2425
2527
1916
2072
1654
1766
1966
2106
2555
2110
1729
2099
1639
1770
2103
1849
2468
1963
1561
2498
1689
2181
1683
1812
1788
2276
2019
2721
2011
2267
2383
2335
2428
1414
2206
2378
1814
2234
2161
1859
2231
1773
1579
1938
2155
1575
2180
1295
2309
2261
2461
2294
2040
2482
2192
1853
2298
1520
2036
1784
2204
1948
1669
2006
2361
2063
2025
2046
2088
2003
2048
1818
1963
2397
2151
1830
1997
2484
1743
2408
2341
2421
2417
2130
2318
2175
2215
2076
2464
2441
2363
2008
2157
2142
2383
2105
1845
2312
2121
1918
2378
2072
2213
1772
1959
1644
2161
2073
1914
1882
2131
1634
1931
2383
2212
2279
1966
2123
2181
1976
1894
2381
1709
1852
1871
1819
1993
1826
2218
2104
2040
1997
1943
2003
2051
1918
1754
1815
2038
2278
2118
1835
2248
1492
2137
2113
1995
1908
2209
2138
2127
1419
2056
2316
1892
2531
1965
1831
1882
1916
2268
2358
1966
2213
1951
2141
1970
2238
1843
2123
2218
2345
2089
2313
1946
1527
1809
2194
2323
1985
2330
2235
1873
1935
2238
2571
1978
2283
2327
2233
2092
2081
1728
2124
2373
2483
2030
2201
2235
2527
2063
2324
1687
1403
1853
1908
1923
1849
2074
1895
2246
2124
2483
1993
2350
2002
1908
1913
2296
2122
1643
2354
1892
1865
2010
2100
2263
2096
1656
2193
2207
2250
2215
1947
1958
1773
2121
1857
1935
2187
2475
2004
2166
2329
1875
2160
1929
2274
2358
1607
1945
1758
2604
2075
1949
1788
2050
2343
1662
2325
2081
2123
1821
2023
1936
1990
2102
2313
2089
1815
2079
1936
1932
2011
1813
1576
1805
1699
1700
2130
1681
1942
1619
2389
1981
1905
1650
2063
1624
2353
2135
2209
2132
2062
2173
1670
2201
1879
2143
1996
2049
1587
1947
1996
2026
1968
2200
1588
2719
2113
1850
1748
2198
2432
2353
2285
1998
2057
1972
2047
2002
1944
1594
1987
1567
2538
1950
1891
2414
2056
2031
1951
1711
2511
2040
1671
2042
2360
2299
1913
2327
2536
2194
1791
1980
1870
1579
2054
2192
1723
2094
1936
2194
1323
2273
1822
2181
2168
2064
2339
1762
2146
1489
2617
2193
2316
2165
1898
1978
1865
2119
2053
1931
1888
2250
1746
1899
1923
2046
2025
2071
2227
2608
2005
1967
1777
1785
1648
1703
2086
2213
2014
2225
2003
2020
1649
2144
2131
1868
2104
2049
2300
2423
1796
1897
2234
2317
1750
2129
2146
1880
2029
1882
1768
1635
2394
1539
1683
1803
2337
2090
2141
1736
1888
2257
1827
2118
2115
2031
1673
1953
2185
1794
2070
1936
2077
1848
2387
2181
2180
2011
2200
2126
2100
2299
2274
2343
2186
1983
2606
2173
1988
2250
2446
1857
1998
2072
2086
1909
1838
1771
1552
1294
2170
2050
2397
2161
2258
2145
1901
2094
2107
1467
2280
2230
2291
1680
2274
2066
2034
2080
2189
1983
2440
1795
2220
2342
1529
1849
2539
1775
1881
2244
1923
1784
1943
2016
2270
1548
2018
2303
2146
2031
1804
2145
2591
1866
2285
1889
2390
2700
2262
2011
2185
1962
2402
2153
1889
1734
2230
1996
2068
1882
2300
2108
1941
1903
1964
1546
1630
2049
1762
2195
2136
1969
2291
2243
1955
1815
1913
1821
1868
1876
1911
1844
2415
1717
1572
1892
1881
2720
2097
1953
1918
1925
1598
1805
2573
2104
1879
2218
1779
1909
2056
1785
1550
1982
1805
2657
1909
1726
1817
2273
1758
1742
1909
2035
2190
2672
2155
2038
1598
1897
2335
2315
2087
2122
1856
2313
2512
1967
2004
1889
2587
1844
2358
2300
1950
1928
1734
2408
2074
2255
1683
2135
1850
2779
1608
1900
2549
1719
1879
2041
1732
1795
2249
2162
1480
2281
1749
2276
2263
2455
1996
2341
1861
1930
2337
2076
2206
2169
2194
2097
2074
2039
2245
2021
2155
1933
2190
2340
1769
2235
1718
2159
1607
2026
2555
1924
2167
1772
2427
1611
2043
2153
2195
2044
2253
1636
1861
1709
2027
1637
1930
2077
2239
1988
2406
2227
1806
1970
2160
2310
1729
1965
2251
2352
2219
2213
2321
2294
1762
1798
2473
2193
1887
2404
1783
2011
2118
2053
2900
2222
1801
2070
2220
1862
1958
1681
2035
2416
2037
1671
2187
2095
1953
1987
2068
2049
2238
1607
1944
1974
1868
2166
2198
1637
2063
1916
2372
2134
2142
2241
2023
2027
2072
2163
2044
2352
2477
2012
2581
1851
2016
2520
1779
1911
2005
1833
2301
1880
2087
2080
2026
1898
1704
2079
1458
2335
2306
2064
1967
2304
2153
1948
2059
2633
1974
2345
2055
1425
2164
1919
1945
1842
1935
2375
1704
2169
1926
2153
1811
2056
1735
2250
1561
1809
2268
2276
1903
2354
2352
1950
1367
1960
1871
1930
2414
2647
2330
1703
2205
1803
2075
2268
2103
1922
2071
1950
1809
2369
2111
1953
2165
2187
1990
1797
2210
2074
2516
2173
1922
1900
2106
1321
1718
2216
2127
1609
2032
2253
2121
2400
1811
2005
1855
2140
1745
1994
1286
1747
1727
2219
1708
2290
1910
2036
2700
1452
2085
2065
1817
2194
1738
1641
1863
2214
2052
2091
2095
2206
2059
1560
1680
2432
1682
2265
1917
1904
1870
1820
2361
1819
2281
1860
2064
1848
1985
1835
2479
1904
2167
1938
2338
1888
1681
2183
2037
1553
2404
1585
2332
1648
1746
2173
2199
1885
1905
2342
1806
2281
2024
1763
2123
2131
1775
2894
2151
1952
2220
2250
1691
1745
2266
2238
2052
