3986
1127
2151
1850
2537
2473
1894
2597
3007
2533
2034
1906
2144
1697
1614
0932
1698
2290
3098
2345
1282
1418
2336
2258
2360
2995
1626
1212
1851
2398
1837
1556
2318
2156
1721
1629
1445
1698
1190
2444
1388
1066
1713
2404
2091
1957
2042
1438
1734
1712
2154
2165
0525
1127
2711
2317
2390
2687
1597
2123
3394
2302
2371
2050
2442
2160
2597
2578
1518
3116
2100
2108
1259
2543
2516
2373
1948
1856
2325
2750
2260
1640
1461
2032
1302
2120
2604
2241
1688
1685
1269
2328
1706
2296
2078
2718
1440
1706
2397
2040
2225
1901
1753
1971
1595
2424
2787
2432
1909
2985
1110
1937
1850
1774
2341
2784
3586
1658
1936
2143
1629
1550
1433
2595
2156
2139
2318
1839
0814
2647
2704
1802
0928
3026
1554
2251
2222
2929
2112
1442
0453
2428
1649
1194
2080
2512
2082
1849
1380
3105
3150
1717
1867
2240
2984
3166
2297
2400
1848
2817
3077
2608
1210
2319
2580
2138
2439
2050
1506
2182
2701
1680
2008
2259
2053
2251
2104
2516
1623
2228
2477
2014
1993
2204
2656
2004
2695
2273
1853
2180
3308
2103
1499
2161
1959
2418
2160
2168
1983
1236
2262
1737
1382
1833
1974
0979
2088
1178
1075
1478
1700
1675
1941
2441
2125
1652
2904
2410
2119
1547
1759
2477
2398
2314
1829
2650
1046
1299
1483
1930
1848
2321
2745
1763
1935
1335
2510
2549
1729
2765
1769
1335
1612
1318
2830
1656
2467
1576
2031
1424
2010
0859
1239
3194
2587
1663
1850
1503
2250
1756
1792
1359
2323
1362
1795
2418
2307
2085
1338
2576
2437
1808
2792
1506
2249
2240
2269
2595
2156
1657
1956
1717
2229
1003
2011
1702
2130
2139
3190
2301
1935
2021
0780
2040
2469
2444
2297
2249
2496
1495
1487
3070
2173
2206
1982
1770
2450
1422
2280
2490
2193
2348
2603
1707
1666
1859
1689
2208
2568
1767
1107
2581
2366
2704
1864
2667
1907
1968
2343
1065
1739
2514
2448
2835
1548
1790
2512
2549
2284
1922
2101
1918
2208
1995
2424
2370
2526
3295
1256
1939
1133
1459
1506
1715
2931
2561
2700
2043
2320
1758
1284
1739
2451
2648
2016
2221
2318
3039
2514
2503
1709
2199
1383
2149
2092
1660
2273
1849
1776
1348
2074
1898
2665
1431
2709
1595
2043
1997
2487
1907
1528
1891
1864
1587
1384
2290
2553
2050
1340
1980
2242
2066
2273
1534
2282
1945
2664
1905
1698
1970
2309
2099
1939
2222
3019
1629
1556
1297
1286
2865
2408
2205
1485
1660
1996
2014
2188
1762
1728
2101
1812
1861
1673
2771
2609
1695
2199
1269
1176
2308
2396
2669
2878
2762
2497
3131
2127
2443
2116
1972
2703
2184
1983
2939
1979
2757
1792
2734
1995
2036
2722
2033
2269
1108
2223
1848
1801
1898
1923
2306
2317
1363
1922
1527
2554
2501
2002
1877
2271
2399
2163
1434
2310
2414
2037
1392
2786
1987
2475
2401
2571
2173
2492
1669
2416
2844
2246
1819
2239
1923
1743
3174
2358
1910
1541
3509
2263
2202
1619
2009
2322
2152
1456
1505
0619
1856
2209
2185
3108
3232
2193
1909
2564
2413
2429
1689
1278
2566
2177
1940
2810
2006
1757
2890
1596
2974
1208
2563
1818
0847
0996
2374
3103
1581
1713
1858
2261
2011
1791
1613
1223
3264
1576
1293
1811
2074
1930
2585
2845
2000
1652
2031
2230
2597
1951
1125
1386
1743
1851
1908
1988
2435
1050
2302
2167
1123
2106
2674
2254
2040
1689
2215
1671
1597
2667
2197
2025
2164
1724
2579
1490
2712
2646
1996
2135
2221
2461
1483
2570
2340
1391
1947
2759
1899
1166
2722
1929
2537
2408
1716
1419
1166
2683
2932
3230
2276
2446
1055
1337
2282
2187
2280
1660
2246
2135
1699
1595
1899
2301
1779
2506
2415
1362
2283
1582
2371
2368
2827
2538
1877
1170
1958
1096
1596
1362
1728
2358
2381
2701
2149
1742
2482
2014
1818
2995
2778
1559
1716
2402
1631
2115
2868
1706
1584
2088
2170
1564
1922
2018
2788
1603
1983
2752
2580
1652
2844
2576
2362
2177
2434
2565
1824
2226
1490
2069
2004
2058
2566
1969
1647
2572
2721
1268
1991
1873
2230
1890
1828
1237
1499
1947
2482
3015
1729
1266
1637
2260
1956
2470
1192
3060
2851
1966
0736
1636
2365
1285
1694
2169
2378
3031
2205
3258
1269
2039
1075
2493
1961
2568
2095
2497
1687
1905
2324
1908
1589
2065
0720
2504
1290
2021
1247
1980
1862
3018
2102
1346
3090
0840
2172
1673
2023
2315
2180
2514
1200
2659
1136
1521
1318
1439
2222
1881
2120
2246
3207
2559
2467
1861
1345
2411
1776
1332
1614
2644
2240
2305
2438
1320
2725
2688
2262
2020
2040
2469
1954
2712
2640
3210
2533
1649
2887
2024
1481
1188
2522
3103
1123
2106
1557
3108
2388
1511
1605
2043
1667
1438
1782
1847
2819
2366
2088
2178
2149
2488
1637
1783
2154
2015
2524
1373
1933
2205
1414
1849
1769
1778
1544
2207
2098
1649
2148
1607
1291
2463
2339
2991
1753
1790
2181
1164
2182
1892
0610
2032
2396
2346
2035
2357
2338
2090
1897
2116
2205
3065
1919
2417
2398
2306
1846
1984
2627
1901
1536
1554
1708
2164
1987
1800
1568
1995
2382
1491
2306
2292
2571
2138
2777
2065
2403
2136
3008
2756
1947
2140
1248
1775
2041
1718
1116
1380
1766
1681
1902
2137
0799
1406
1827
1824
2108
2309
1193
1404
2911
1500
2879
1678
1839
1348
1884
2658
2105
2234
1106
1504
1936
1945
1735
2336
2730
2348
0979
1905
2400
1659
2077
2413
2405
2577
2008
2478
1738
1168
1959
2251
1774
1851
2389
2251
2432
1816
1500
2802
2006
1761
2425
1588
2329
1266
3332
2614
2510
3012
2049
2231
1811
2593
1668
2071
1907
2301
1416
2056
2580
2461
2120
1478
1730
1407
2278
2313
3284
3056
0893
2969
1401
2136
2418
1860
1946
1344
1338
2461
2253
1723
1268
1761
1634
1835
2249
2189
1919
2043
2059
2004
2860
1532
2962
2229
2407
2504
2038
2125
1798
2524
2677
2363
1968
2530
2041
2149
2063
1947
1573
1774
3015
1673
1340
2371
1912
2436
1711
2942
2793
2864
2614
2667
2017
2310
2149
1834
1404
2136
1092
2603
2120
1478
2356
2587
2105
2592
2454
1934
1438
3031
1752
1776
2460
1179
2761
2135
0719
1595
2375
2885
2335
1990
2015
1701
2993
2187
1810
3737
1220
2451
0993
1600
1877
2131
0842
2005
2244
2008
2367
1876
0628
1822
1689
1582
1686
2455
1992
2653
1269
1461
2840
2694
2310
2204
2392
2465
1631
2844
2260
2363
2643
1881
1812
2472
1494
1112
1478
1345
2662
2434
1917
1566
2397
2566
1526
1464
2687
1983
1428
2621
1774
1039
2294
2845
2021
2669
1871
1779
1430
2011
2320
2473
2469
2707
2234
2208
1896
2046
2181
0995
2343
2563
1957
1581
1809
2269
1830
1581
2441
2076
1717
3169
2555
1726
2615
1582
1668
1790
2709
2178
1903
2538
2137
2000
2425
2388
2486
1902
2395
2730
1944
2344
1199
2294
2295
2259
1435
2445
1856
1267
2119
2396
2543
2060
1962
2653
2430
2679
1601
2097
1392
2520
1779
2231
1964
2190
2267
2756
1733
1327
2526
2656
1671
0977
1299
2207
2442
1707
2801
1971
1446
1521
2529
1566
2301
2275
2522
1793
2947
1956
2336
1759
1671
2053
3075
1590
1332
2354
1984
1607
2610
1710
1920
1656
1610
2163
1374
1941
2050
1480
1605
2946
1994
1906
1068
2109
2232
2700
1454
1314
1787
2612
1681
3100
1487
2711
2325
2562
2511
1484
1878
0866
1785
1403
2718
2383
2011
1978
2137
0894
2149
2707
1950
2307
2996
1052
2090
1769
2337
2416
1915
2662
1557
2723
2689
1305
3245
1479
2772
2700
1984
2058
2222
2666
1891
2023
2756
1993
2093
2126
1805
2744
2087
1662
1823
2178
1708
1215
2111
1422
2237
1779
3073
2251
2352
2455
1998
1525
1278
1964
1850
1029
1464
2281
2446
1834
1814
1934
1712
2773
2316
1483
2770
2502
2403
2744
2517
3093
2240
2121
2697
1777
1860
1692
1491
1649
1776
1924
2966
2480
2311
1609
1988
2705
2168
1253
1739
1991
1654
1736
1864
1300
2034
2805
2021
2273
2050
2421
2127
1857
1855
2300
1975
2672
2206
1714
1850
1320
3379
1605
2558
2580
2269
2509
2155
2020
2749
1442
1478
2360
0984
1714
1530
1439
1237
2179
2573
2178
1564
1603
2707
1321
1818
1521
1790
2643
1621
2462
2867
1944
2110
1429
2278
0742
2226
1794
2225
1589
2634
2120
2485
1515
2096
2148
2390
2809
2295
1882
1421
1964
2011
1995
2303
1983
1515
1582
2206
2113
1374
2533
2861
2430
1617
2312
1606
2400
1559
1641
2275
1861
2002
3133
2231
2843
2814
1729
2024
2107
1439
2401
1717
1489
1761
1292
2610
2634
2210
2948
1726
1584
1815
1607
2485
2603
1145
2104
1950
2189
1636
2167
2085
0699
2314
1670
2561
2136
1836
2610
2233
2084
2110
2232
1249
1612
2713
1528
1092
1823
1792
1500
2437
1550
2755
2861
2376
2329
2163
2610
1789
2790
1707
1648
1448
1967
1852
1677
1289
2440
2327
1794
2932
2604
1808
2792
2132
2223
1560
1661
1492
1931
3118
1859
1291
2988
2202
2594
1810
2228
2222
1476
1964
2197
2051
1138
1711
1090
1494
1291
1800
1819
2512
1784
2395
1645
2237
1765
2053
2892
1950
2451
2168
2044
2911
2069
2280
2454
1081
1845
2076
1922
1789
1557
2195
2375
1802
2027
2340
2530
2998
2360
2744
2616
2698
1831
2523
1211
2607
2247
2271
2437
2095
1904
1840
2693
2030
2311
2406
2440
1730
1613
1799
2621
2327
1607
1622
1656
2405
1938
2807
2217
1260
1757
1632
2363
2316
2040
2101
2257
1700
2121
1566
1185
1837
1939
1792
2566
0937
2623
1869
2604
1567
2282
2737
2924
2576
2500
2092
2850
2524
2118
2708
2162
1236
2199
1375
1681
2286
2545
1406
1864
2755
2654
2245
1572
2833
2441
2105
2420
1726
1688
1469
1850
2993
1905
1412
1463
1715
2068
1889
2187
1784
1688
2924
2312
2052
0890
2671
2124
2726
1617
2202
1839
2150
2276
1955
2704
2739
2256
1837
2763
1272
2921
1550
1760
1638
1769
2029
1890
1904
2180
2575
1065
1193
2517
1816
2097
1629
1556
2791
1523
1240
2240
1552
2605
1907
1809
1817
2283
1972
1768
2087
2026
2135
1838
2845
2497
1685
2097
1677
2117
2475
1761
2026
2559
1855
1960
2338
2585
1877
2627
2146
1084
2255
1955
1770
2845
1714
2252
2000
2125
1717
1489
2253
1664
2365
1420
2814
1893
1540
1603
2248
1883
1991
2143
2019
2364
1998
2123
2734
2098
2367
1810
2219
1745
1958
1102
1341
1971
3066
1894
2366
2364
1818
2319
3114
2126
1901
2283
2258
1360
2024
1708
2087
2300
1349
1465
2842
2634
1659
2555
1926
1551
2359
2357
2099
2537
1979
1733
1861
1557
1207
0772
1781
2663
0422
2563
2543
1896
1722
2133
1381
2122
2300
1808
1928
2095
2084
1995
1534
1734
2594
1895
2608
2173
1400
1961
1532
1498
1363
1887
1759
1532
3289
1891
1523
0666
2792
2686
2513
2817
1705
1358
2039
1629
2604
1172
3030
2849
1773
2290
2835
1742
1682
1618
1730
1796
1962
1452
2502
2197
2079
1454
1847
2672
1578
1156
2022
2229
2105
1952
1836
1564
2494
0896
2559
2202
1611
2934
2377
2391
1905
2173
1842
2815
2489
1685
1619
2053
1875
2952
1765
2010
1753
2892
2075
1913
2290
2389
2017
1724
1296
1750
2171
2581
2620
2776
1276
1627
1047
2697
2143
1626
1582
1836
1980
1912
1861
2681
2350
2260
2179
1840
1146
1812
0992
1123
1793
2250
2042
1797
2438
1862
0841
2035
2275
2783
2191
2348
2606
1877
1950
0647
2478
2381
2213
2280
2390
2505
1939
2548
2247
2097
1715
2724
2592
2241
2640
3083
1849
2157
2320
1345
1642
2233
2207
1751
2324
1862
1858
2129
2384
1997
1990
1785
1955
2206
1997
1699
2413
3134
1939
2416
2493
1347
1984
1835
2344
2629
2791
2375
1012
1909
2926
2360
2116
1504
1305
2149
1865
2312
1689
2052
2780
2587
2108
2027
1787
1361
1608
1623
2199
2584
1649
1334
1506
1989
2104
2228
2205
2035
2338
2910
2266
3263
3420
3060
1743
2629
2172
2079
2331
1487
2397
1079
1168
1795
2533
3000
2627
1440
1390
2105
2383
2248
2874
3412
1865
1601
2074
2372
1992
1462
1044
2393
2449
1145
1457
2431
2182
1796
2086
2233
1937
1480
2369
2813
2172
2588
3096
2672
1002
2436
1836
2921
1395
2186
2168
2978
1628
2137
1822
2236
1706
1777
2586
1724
1628
1869
1837
1939
2670
2359
2080
1731
2506
1844
1212
1851
1635
1687
1983
1713
2559
2033
2411
2148
2337
2321
1861
2510
2679
1579
1704
1682
1217
2059
2149
1052
1360
1868
1663
1957
1640
1785
2572
2206
0613
2138
2861
1821
1219
1596
1900
1375
2014
1690
2603
2326
2947
2941
2135
2287
1482
2168
1992
2383
2264
2285
1605
2571
2383
3354
1148
2038
1961
1655
2884
2300
1529
1339
1649
2092
1748
1713
2310
2308
1376
2416
2633
1490
1876
1846
2190
1108
1596
2340
2389
1371
2291
1925
1562
3098
1280
1099
1743
2104
3091
1386
2483
1633
1867
2135
2162
1989
1866
2664
1596
1671
1911
2141
1372
2140
2961
2721
1330
2679
1806
1363
2900
2089
1930
2589
2417
2320
2125
1042
2128
1252
0951
1262
1758
2765
1092
2014
2285
2486
2016
1708
1273
2154
1678
2425
0732
2537
2004
3092
2124
1444
2266
1391
1382
2874
2804
2085
2722
1619
2260
1890
1882
3475
1662
1837
2545
2252
1939
1133
2806
1895
1853
2174
2178
3291
2799
1953
1546
1458
1301
1948
2433
1980
2473
1255
2399
2293
2180
1706
1817
2515
2475
2564
1907
1614
1507
2874
1360
3156
1716
1771
2100
2384
0831
2337
1664
1399
1909
1621
1617
2922
2261
0991
2445
1721
2200
2437
2075
2542
2285
1759
2536
2059
1756
2280
1774
2301
2119
2933
2083
2245
1994
1730
2610
1290
1583
2246
1995
2324
1726
2743
1673
1479
2038
2605
2640
1818
2237
1714
1624
2549
2398
1813
1355
1712
1715
1453
1917
1142
1956
2424
1713
1165
1512
1351
1917
2652
2594
2273
2009
2468
2770
3014
1420
1948
1801
1772
2183
1513
1439
2639
1820
1527
1556
1932
1443
2728
2125
1282
2302
2300
1279
1786
2531
1459
1149
1468
1820
2611
1968
1495
1416
2118
2732
1723
2644
1765
1403
2674
1082
1490
2545
2619
2328
2254
1247
2157
1896
2112
1630
1764
2400
1349
2924
2460
2406
2137
1627
2084
1390
1749
2413
2265
2193
0900
1980
2358
1949
2024
2521
2330
0916
2288
2358
2158
2295
1788
2521
2434
2030
3055
1906
2243
1392
1824
2847
2733
1815
1190
2608
2187
2508
1650
2629
2321
2120
0675
1390
1730
1781
1683
3002
2682
1693
1767
1303
0976
2283
2608
2428
1649
2012
1800
2493
1923
1824
1771
1789
2422
1941
2968
2319
2450
1713
1796
2267
1901
1826
1729
1980
2298
1794
2533
1145
1994
2457
2381
2675
2381
1983
3014
2784
2310
1815
2297
0850
2668
2003
2093
1318
2040
2767
2190
1359
2023
1928
2061
2293
2841
0895
1951
2778
2119
2257
2236
0951
2923
2502
2939
1634
1848
2077
1491
1408
1719
2197
1963
2625
2269
2869
1964
1918
2111
1685
2283
1914
1255
2087
1786
2181
1676
2021
1860
2171
1889
2421
2296
2742
2704
2667
1633
1943
0937
2260
2204
1874
2546
2357
1723
2075
1527
2274
2175
0996
1773
1953
2486
1752
2335
2199
2786
2465
1985
2310
3186
1991
2118
1109
1899
1679
1822
2470
2120
2275
1149
2530
2246
2020
1759
1968
1782
1439
1589
3008
1675
1687
1529
2173
2859
1594
1976
1094
2107
1688
2115
1653
2121
1373
1485
2441
3051
1788
3122
2169
2137
1937
1676
2252
1962
2870
3334
2340
2588
2674
2324
1454
2285
2538
2468
1853
1254
2533
2220
1717
1110
1762
2707
1534
1716
1156
1503
1628
2278
1042
2507
1772
1652
2205
2323
1467
2070
2328
1977
1690
2142
2154
2866
1831
2094
1690
1442
1894
1644
1775
1207
1854
2768
2471
1984
1742
1608
1918
2268
1784
2218
1309
2608
1915
2497
1349
2006
2162
1846
1635
2535
2023
1905
1012
1909
2604
2005
2647
3037
2154
1000
2298
1520
2473
2679
2362
1776
2212
1623
2075
1828
1865
1738
1363
1869
2262
2079
1579
3000
1516
2042
1586
2031
1873
2015
3128
1774
2200
2897
2346
3339
2415
2923
1854
1832
1954
3448
2055
2176
2016
2525
2412
1557
2581
1810
2263
1903
2541
2491
2473
2301
1455
0775
2086
2415
2237
2972
2585
2168
2198
2066
1789
2851
2592
2999
1068
2412
2408
1182
2142
1426
2316
2000
2626
1660
2611
1934
1528
2301
2163
2498
2568
1956
1735
2525
2842
3058
3061
0815
2898
2194
2072
2348
1830
2197
1538
1601
1636
1972
1839
0814
1370
1699
2449
3004
2479
1694
2215
1617
3378
2797
1440
2116
1739
2472
1526
1870
3252
1711
1660
1724
2745
2463
1954
1058
2919
1827
1859
2069
3167
1337
2298
1771
2239
1847
2362
2409
2851
2025
1174
2301
1850
2105
1822
2432
2262
0355
2348
2122
1739
1603
1702
2901
2465
1044
1734
2298
2708
1914
2793
2569
3088
2254
2104
2216
2424
1991
2232
1634
1476
1133
1629
3014
2236
3268
2485
2294
2265
2091
2358
2622
2156
2172
1298
2058
2336
1103
1026
1553
0985
2167
2137
1169
2522
2023
3017
1699
2466
2220
2254
1851
2107
2615
2026
1898
2539
2034
2002
1396
1894
1756
1589
2329
1718
2526
1671
2413
1916
2175
1536
2596
3300
2753
2137
1656
2291
1925
2440
2734
2220
1985
1477
1617
1930
1837
3302
2676
2231
2061
0900
1182
1783
2185
2177
2302
2975
2632
2856
2167
2277
2729
2104
3068
1515
1895
2402
1302
1714
1568
2332
2359
1385
1186
1530
2067
2310
2196
2297
2231
2182
1796
2045
2192
1669
1329
1979
1321
1204
1956
1432
1692
1847
2045
2101
1525
1256
2342
2511
2213
1583
1444
1833
2019
1993
1767
2575
2546
1848
1939
0495
2417
1245
2755
2223
1679
1752
2008
1695
1887
2239
1711
2589
2641
1400
1534
2163
2304
2400
1786
2031
1274
2298
2605
2056
2192
1724
2084
1230
2422
2020
1437
0617
2976
1761
3115
3006
2286
1474
2013
1745
2204
1943
2123
2704
2556
1083
2897
2664
1635
1989
2694
1262
2194
1863
1969
1183
2276
2192
1700
2702
1536
1758
2408
2236
2066
1770
1488
1695
0864
2633
1218
1946
2044
1599
2109
1882
1195
2607
1949
1918
2532
2657
2391
2251
1726
2206
2607
0962
2196
3253
2380
2295
1985
2842
2763
1496
1747
2624
2780
2300
2253
2429
1792
1617
1889
1644
1743
1827
2423
2510
1607
2303
1133
1956
1412
2294
2845
1615
2489
1807
2378
2103
1606
3396
2010
2112
0829
1889
2541
1085
1523
1857
1180
2356
2264
2760
1666
1059
2335
1938
1286
3035
3438
1479
1772
1977
2418
1750
2037
1856
1917
1492
2180
1394
1475
0950
2337
2832
1699
1726
2044
2112
1620
2033
1928
2385
2284
1880
2083
1825
1142
2148
2272
2442
2778
2082
1993
2492
1935
1211
1763
1834
1329
1721
2754
1433
1871
2185
2936
2302
3038
1861
2584
1970
1392
1698
1965
1691
2087
1460
1763
2074
1785
2157
2754
1888
2589
2018
1803
1859
1415
3295
2358
2372
2940
2101
1519
2011
1995
1945
1927
2307
2817
1867
2147
1304
1255
1986
1623
1961
2262
2600
1802
1710
1806
1750
2975
1952
1384
1836
2428
1921
2443
2712
1827
1339
2672
1617
1688
2445
1454
1390
2547
1827
2556
1767
2271
1356
0941
1869
1578
0955
1956
1777
1564
3047
1872
2312
2001
2414
2220
1896
2195
1855
1910
1397
3156
2895
1645
1492
1361
1965
1929
2620
1601
1338
3024
2255
2171
2707
1160
2703
1717
1633
2190
2387
1375
2635
2833
1784
2551
2909
2403
2775
2735
2150
2619
2147
2603
2875
2412
1715
2647
2328
2288
1135
2980
2234
1600
1781
2757
1700
1920
1959
1108
2140
2564
1974
1430
1898
2828
1367
2210
1460
1939
1591
1606
1786
1406
3252
2443
1920
2363
1303
2003
1575
1591
1739
1790
1701
2338
2112
1882
1751
1643
1579
2235
2024
2398
1098
1775
2382
2543
2418
1639
1536
1966
2500
2035
1950
1651
1300
2264
2237
1593
2449
3004
2136
1818
2663
1939
1689
2568
2438
2067
1998
2477
1570
2077
1968
1382
1385
1822
2865
1754
1945
2429
1896
2000
2100
2182
2974
2022
1969
2039
2441
1811
2599
1522
2441
1861
1337
1426
2180
3308
2203
2320
1648
1408
2083
1590
2290
2587
1290
2039
1577
2222
1654
2758
1734
1375
1331
2538
2249
1528
1296
2678
2419
2180
3006
1439
1860
1875
2083
2171
2433
1876
1847
0858
1775
1207
2015
2282
1330
2745
2414
2242
1234
1604
1904
2039
2505
1758
2234
2492
2173
2019
1570
2113
1966
2754
3483
2118
2357
1436
1345
1335
1874
2208
1187
1631
2273
1872
1965
0870
2842
3109
2190
2508
1240
2039
1399
2289
1586
1717
1751
2073
2673
1769
2446
2529
1407
1994
3124
2373
1927
1789
1905
1871
2863
2534
1743
1781
2112
2853
2340
1534
1264
2584
2355
1892
2475
2249
2200
1935
2514
2448
2357
1781
1746
2135
3195
1239
1941
2541
2133
1843
2238
2203
1789
1527
2408
2678
1390
2239
0795
2548
2397
1761
1802
2578
2155
2367
1319
2240
1722
1350
1680
1741
1541
2865
1477
2140
0644
2033
1517
2275
2922
1255
2017
1833
1941
1720
2304
1277
2019
1637
1576
1887
2174
2073
2637
1802
2487
2340
1633
1795
1725
2470
2780
2587
2123
2314
2102
1335
1748
2354
2401
0492
1382
1857
1727
1911
2195
2146
2628
1806
2643
1534
1532
2144
2374
2388
2031
2985
2343
1941
2405
2961
1588
1645
1258
2195
2658
2335
2762
1431
1925
1911
2307
1661
2135
1357
1180
2322
1951
2017
1976
1722
2109
1829
2348
1663
1826
2253
2454
2363
2296
1745
2619
2132
1874
2253
2628
1855
2425
1454
2178
1733
2119
1793
1962
2337
1134
1606
1769
2010
2184
3345
2729
1764
1382
2392
1739
2378
1824
1598
2546
2109
1673
2219
2307
2040
1771
2120
1020
2112
2670
1789
1807
2099
1754
2725
2063
2539
1587
1928
2136
2179
1891
2027
1517
2589
2547
2569
1513
1505
2465
2776
2625
1774
2159
2353
2141
2771
1744
1353
2330
1983
1805
2381
1485
1096
2655
2016
2366
1333
1626
1015
2020
1437
2403
1797
1891
2496
3409
2387
1721
2398
2093
3484
2933
0915
2149
2609
2305
1933
2195
2398
1935
2220
2139
1528
1585
1264
2717
2013
1639
2124
2587
1481
1345
1335
2025
3352
1797
2590
3150
1457
2270
2280
1803
2545
2054
1919
2291
2358
2588
1939
2059
2424
2774
1535
1971
1515
1745
2797
2272
2363
2029
1853
2222
2567
0766
2386
0924
2944
0998
1801
1892
2261
1556
1893
2167
2062
2529
1462
1613
1584
2117
2385
1196
1469
1093
2300
1942
0928
1427
2148
1150
1994
1306
2076
1562
2923
1760
2443
2430
2392
1626
2854
1439
2274
2952
2297
0992
2218
2221
2279
1654
2141
2534
2291
2702
1454
1891
2301
2635
2241
2252
1895
2123
2770
2124
2208
1941
2806
1684
2134
1927
2126
2220
2889
1360
2007
1984
2995
1700
2121
1306
2040
1472
1220
2180
2266
1954
2611
0614
1520
1947
1455
3037
2145
1873
1254
1826
2559
2354
2367
1024
2162
2930
1575
2233
2241
1601
2165
2476
2332
1947
2336
2015
1855
2342
2300
2795
2399
1974
2180
1942
2484
1503
2382
2307
1789
1660
1996
2723
3163
3117
2074
2210
2839
2893
1420
1979
2107
2025
2086
2628
1718
1677
2508
1406
1513
1882
2665
2469
2026
0464
2681
1675
1988
1012
2461
1673
2809
2790
1801
2011
2305
2229
1709
2430
2085
1721
1346
2449
1793
1718
1888
3253
2766
1385
1342
2488
1648
2797
1972
2151
1533
3220
1658
1537
1928
2489
1270
2115
2690
2887
2068
