3000
2386
529
1837
1238
3355
135
2268
3108
2475
1478
2279
1572
1271
1330
3533
2809
3142
1015
3560
3428
2328
1261
3515
3349
472
2174
1556
13
53
964
1961
1737
1164
1043
1589
1008
1787
2419
955
3206
1840
3485
845
22
269
276
2562
3056
2522
506
2689
1951
3113
1931
1785
3842
1621
3136
808
1010
840
1613
598
3631
2417
2095
3354
2147
646
2068
3997
214
1170
1239
880
509
2283
2677
1210
3478
1141
2768
1743
2820
2707
1663
3916
2792
1868
925
633
2052
2995
1044
332
3398
889
1287
915
359
1780
1819
2399
841
1354
3574
178
2871
2260
3119
635
522
3686
2346
1656
717
177
182
166
1868
1190
411
2589
630
3872
3246
678
1374
1450
646
1365
1427
838
2013
2067
290
5
1488
1789
3366
2832
1529
175
124
3505
1880
3421
764
655
869
1294
1380
288
1799
2790
3079
622
874
3339
3676
1488
2374
118
826
3501
2106
1342
2721
2847
1080
2046
2785
1613
4015
2355
1252
156
450
1367
820
3027
1714
3505
4017
3714
145
113
2524
3358
88
2351
384
3636
2561
2533
1068
2354
1790
711
3113
1791
2337
1730
2753
2466
3212
2571
632
2471
3609
3719
1105
3279
2381
366
541
2492
3227
1876
1766
2520
2262
3093
1327
1383
887
51
3831
3855
260
854
4086
2938
2304
1224
1520
3233
3917
1829
3041
1683
391
3607
2507
2719
2194
1303
2392
105
2882
2
898
1148
2335
825
3404
977
3873
1447
2237
2432
279
1997
4004
2575
3575
4084
3879
2692
1360
3739
3629
530
1087
3662
4077
370
1145
2108
3657
2631
853
3801
1762
2766
3952
468
2648
1257
2233
1075
3071
1096
929
1763
3291
949
3169
1191
1455
1805
2964
4090
3947
3934
3126
2952
3322
441
1861
2731
3127
2029
2775
1211
3529
2758
3360
1613
2490
252
1875
219
35
2887
3407
3840
2318
3219
495
2728
1580
3441
3425
1344
3189
2952
3288
795
2297
4093
1977
4024
3671
2441
3076
2684
2720
3945
127
3718
704
1264
1283
3352
2715
4087
3302
1277
1830
3278
434
577
403
289
1815
2538
2748
2812
3875
1287
1733
3110
2613
3186
921
2564
1093
1303
2574
1651
635
103
3750
3541
1684
309
3270
1219
2896
3922
3519
1776
1829
2573
263
2443
1740
2080
3904
1659
535
1395
1293
1767
116
3704
1652
514
1546
3658
2554
571
2989
1989
1832
2869
2525
3277
2930
1395
4057
2780
4010
2003
2587
2643
1719
2540
421
2082
1776
3805
3017
1983
2471
573
1281
494
2204
4030
2030
2297
1814
2676
3793
1
2614
1473
1264
3865
3004
811
2521
2073
142
1974
3769
48
68
552
3012
892
3093
1203
2794
4025
3488
2345
424
1405
753
3411
516
1588
2545
3857
1053
2028
2617
2877
2835
1274
2856
3112
2610
3285
1176
2729
1241
3764
1547
1403
952
2129
1790
3050
728
1853
1644
1909
2973
3377
901
3425
2025
1308
2336
2414
963
1326
762
1934
3614
16
1533
3580
1860
1109
3301
1478
2332
2723
3768
1797
3628
124
2616
1030
551
954
2023
211
2534
634
3243
2072
3105
3476
1722
2464
3939
2066
1162
1596
108
3660
2659
1925
3926
271
2022
94
1400
496
4030
4016
3529
261
2854
538
3215
3039
2769
63
466
224
740
3060
554
1965
739
2213
1366
3253
4065
3593
3034
399
2908
2689
3523
503
139
869
1767
1722
3721
1557
3603
181
523
34
1483
2240
3818
201
2139
2081
2937
1607
1288
2568
1007
183
1180
3288
838
814
1023
3515
1932
3846
3861
3253
281
242
2905
412
2394
23
3191
3329
2801
1358
1265
1714
378
3153
3327
1682
3663
2371
775
42
3288
1120
254
2450
2135
3789
3607
2397
1351
284
3972
1102
1614
3327
313
3568
3454
1573
3157
162
2454
3505
4095
3858
1332
712
3142
3391
739
708
675
3717
917
95
3064
1720
2182
1013
3761
2095
1821
250
2021
941
704
1178
1722
2058
2897
861
1089
687
1264
1466
2595
3291
1634
3063
619
1610
916
3905
3801
2225
3485
3654
3841
995
2147
2593
1115
3370
1581
4094
2865
1074
1165
361
757
1237
2624
442
3207
380
3301
502
2744
825
946
2687
951
4039
157
1278
1863
1147
891
1276
1157
1008
3931
1105
2836
3578
1111
2059
109
3968
4028
250
2747
1933
1609
1588
2395
1919
1473
3088
4061
2774
424
2818
1236
224
1620
2373
41
1494
527
1207
1131
3041
1367
2682
1147
216
3097
3176
524
2632
3360
2992
3008
3494
2887
2089
1660
166
226
2778
2700
1797
329
2869
1815
3895
566
3303
2996
471
1899
2329
3218
2050
3581
729
3972
1854
3781
25
3183
1066
3453
2810
325
3683
272
2972
1573
827
4039
3013
134
407
104
3748
549
943
2239
2080
2327
40
2216
3209
3497
1828
2879
2395
2214
4054
1064
794
1882
2506
2221
2186
2416
4088
445
345
2930
563
2153
2768
1958
323
2327
2662
4020
3825
1564
2476
2897
3166
4088
511
3143
3155
3564
2746
804
3318
3198
1529
3987
3962
744
733
1575
4082
2155
1856
2072
1680
2509
3384
293
2467
1769
324
2242
2004
3120
258
1542
1659
3569
4031
1121
2557
1336
1357
3304
2432
978
683
482
3399
498
4076
1816
3831
2698
390
3404
3464
2403
1166
418
2224
2120
2973
2117
2174
352
1501
3123
351
2450
1074
3232
2037
1149
2204
397
2842
195
3663
1403
2466
3023
4014
3843
1159
158
2374
3184
1258
460
3276
1100
1799
1114
2618
3514
1302
2572
3229
2414
124
440
2859
1112
1750
1795
2713
565
1158
1856
102
2788
1215
2505
189
3430
2667
3359
3281
528
246
1949
1750
877
3227
502
285
2954
1878
2241
821
3105
761
1759
950
4016
859
3928
447
1561
3641
3469
3709
2473
4010
2747
2043
2157
3093
2978
485
814
2474
2033
1110
1070
2367
3326
63
1135
2404
3285
1571
420
1404
130
3028
2046
3980
1753
3792
1760
2308
730
2176
2335
857
213
2045
2239
165
2675
887
3717
2750
3622
1561
1132
2970
3712
3485
257
3141
1114
787
677
2450
3110
193
1271
1697
2207
482
5
3093
2780
2797
2921
3975
300
2595
1064
3895
2606
2098
1399
1049
1867
3460
1273
119
1539
3708
402
4050
3130
1179
1626
1670
3195
217
292
1690
3313
2663
2252
1230
3285
660
1546
1667
2242
3775
2305
3054
3880
257
2026
1670
1185
1322
3209
585
3249
2838
116
363
2796
13
1016
2807
105
2316
1218
1227
2452
2270
2896
939
72
1497
3683
3263
2157
670
1280
2700
2341
94
3600
2357
404
3486
2104
3477
711
1640
3054
103
3606
1179
2344
691
3769
1888
3711
1572
1713
2441
2701
3509
3808
2485
564
1695
1480
556
1600
3644
3895
1153
886
2407
3362
2325
3095
4073
461
3519
2479
2185
1078
66
3590
683
3825
3555
337
329
2427
1381
1880
818
737
256
3613
3869
3775
2538
1563
1697
3171
4001
2997
796
3768
3422
3802
3013
3432
2874
2372
3951
141
685
1185
2784
1238
2530
2762
1749
2627
3203
1042
136
3970
2988
1087
835
802
2619
2930
3916
2950
3958
4019
3235
531
1807
3962
3804
3555
3168
1284
2029
4066
27
204
1596
1548
3445
1876
1551
737
3064
1557
285
840
4046
3216
793
3950
650
1180
552
2178
2456
3844
2929
3771
1329
3914
2823
2052
365
2204
738
3641
1022
3001
1754
581
495
2112
28
3155
1536
3672
2091
2402
751
64
717
1338
3752
170
2219
2055
3877
554
1443
2780
260
869
2398
579
1140
2161
46
3437
2344
2272
870
1160
1832
3733
1856
2481
1876
790
2930
1963
597
2083
3434
622
1934
3321
1000
1312
426
281
1125
86
1538
1539
4064
3254
1478
2295
3448
3547
3204
1292
34
2280
3884
3812
2663
3358
686
774
2782
1695
1575
2115
2552
2791
306
494
407
3536
3162
1643
2993
2410
3235
2959
3277
842
2415
723
1836
3271
1216
1694
3809
1986
2079
655
1969
3515
1611
2735
3628
78
1951
1380
3894
2001
85
3479
1089
382
1812
1563
3261
526
219
1210
2200
3628
3805
3675
223
877
3650
3291
2041
2261
3868
2989
1466
3462
4067
3450
2963
4069
87
182
2541
299
590
2126
1530
657
2410
1513
1534
3397
2984
21
1891
3672
4085
3489
1372
1107
2393
2488
565
701
453
1222
18
1543
1584
3320
746
2224
3731
3064
1123
1622
2635
3268
522
2312
2384
1274
3437
3713
1057
2559
2987
308
1796
94
904
2
4078
1863
977
1711
2640
890
3269
909
1842
3990
4053
4078
2894
3679
3542
372
3185
3989
2014
3847
2235
3604
2165
494
3432
412
2288
3224
1845
3786
2486
1168
259
1637
2722
3723
2241
1517
582
3347
3888
1919
171
2069
2192
2495
416
1664
3091
2681
540
471
1646
872
3634
3594
1014
1763
1333
2856
284
1822
3648
1994
2643
2525
3906
1984
1700
1132
1930
3208
2271
4092
3546
874
653
921
3249
145
2346
748
191
3783
320
773
1071
2403
198
4007
2645
3828
388
2206
282
203
2794
2255
459
1382
890
2663
1102
3595
1914
1074
1919
2597
3938
2224
1142
3483
3404
4038
2232
3816
1087
1163
2333
3413
3330
395
754
2192
2643
1539
2577
3982
1968
1026
2750
3235
678
1583
2333
2149
394
2813
2332
3469
31
1962
3745
4093
240
2064
959
531
3230
3565
27
62
1747
3710
3451
3345
3989
2839
1905
761
4080
1811
1377
3303
481
1532
1929
1060
1724
1769
1007
19
3202
3575
2850
1636
1543
4053
3371
1702
2660
3685
1076
2968
2527
1169
1210
198
2564
574
2143
2755
1258
778
2510
2555
2497
607
4043
2523
2163
1715
2579
335
3407
590
3340
2307
1524
632
828
673
2158
3967
1583
3465
3303
905
2722
1256
2252
962
1845
1438
744
145
1116
497
3318
2976
1032
1571
1175
4072
2571
2585
3896
3889
4040
1130
3563
3397
2469
693
104
3185
2468
322
3680
2825
3111
1370
2094
2980
2285
3182
2532
3987
2244
2500
393
395
60
3583
2021
1233
1675
3996
701
3614
1284
2960
1269
1951
1495
2990
2903
1909
2102
2272
2897
2360
4015
712
3793
2206
4045
914
400
1395
1991
2490
560
1146
3625
2149
992
2230
1112
3902
3896
701
8
1899
980
1514
645
2593
4023
103
567
1166
2886
1389
1146
627
1398
2878
3910
1533
914
3601
1515
3677
3712
2373
3114
3634
2509
1764
2647
1028
3105
1112
1500
2756
2910
4089
3584
3948
314
3367
1627
2015
2148
2470
2600
3743
1691
2379
2587
573
3129
2726
253
1570
3195
3454
448
2353
383
2724
1041
3537
2658
3303
2034
1915
406
1460
3450
2216
2808
2337
3632
2921
1302
1488
1003
30
3928
469
3001
1144
4025
3580
591
1813
3159
3653
3995
1209
923
3906
220
583
2436
3380
1017
164
3282
2263
64
3720
553
2099
2717
2360
3836
911
1445
2711
2229
2693
982
1323
1463
3206
851
736
1734
2331
792
3546
3409
1309
3705
3712
3702
1629
3025
3105
2294
193
1839
3780
3456
912
1454
1740
323
1161
1111
2497
2433
1098
979
1945
1971
1896
2890
2866
540
2569
1427
3702
101
3409
1054
1813
2081
2899
3554
17
2278
649
780
2257
3110
803
3008
1776
3785
1557
1096
1773
515
2247
3972
433
3224
3356
1784
3032
2304
3114
1159
3086
436
2155
2938
2013
2498
2830
3303
1064
3334
3324
3356
3302
2957
2824
2121
3363
3667
3854
186
2742
3623
2153
1272
2768
3437
171
796
1182
2133
3786
2006
3212
2053
1504
4056
753
2028
3855
1804
3564
84
2803
3409
3850
2992
2875
2867
631
3097
2968
3475
173
836
1243
3084
3831
70
4092
771
1405
155
2719
3961
388
2165
1226
3382
173
941
44
2200
2599
1254
1257
1319
2296
2837
2476
141
2877
2186
811
1114
1870
1654
482
3507
21
3800
2068
2198
3128
8
1586
2436
2869
1718
778
720
2487
1629
5
2040
1433
3405
1634
1697
104
3448
1673
2880
2308
2113
3748
3379
3481
2191
1510
1972
2872
42
3319
2611
2476
672
1159
1005
3700
1883
2472
2008
2849
3318
1009
2433
2144
1491
2062
3245
3270
3969
2850
3454
819
1574
2715
3065
2361
880
2113
2526
1889
1861
2742
2364
1158
802
2515
1146
2380
1925
2592
2422
276
3255
3295
934
2035
2438
1668
1602
1557
3822
2458
2215
2577
3438
3216
3556
934
786
3211
2240
2
4050
4083
463
1586
2159
3586
700
3333
2038
2341
2814
3696
1149
2055
810
2961
1933
96
562
940
501
3846
817
1219
2764
3386
903
4056
309
930
3504
989
838
1360
3297
386
565
404
2970
2784
3371
1969
3864
3818
234
799
3547
864
620
3607
3884
3871
3034
1555
1154
92
2651
3444
485
2867
2687
3087
1591
3192
1560
2996
3018
3892
1523
429
1724
2987
2073
3087
2428
2335
961
1195
594
986
2465
3969
1037
1969
2790
1847
1707
2036
2507
3277
3013
593
1440
751
3581
1649
2829
4029
1272
890
1436
11
196
1952
980
3354
3333
470
2972
424
759
356
3151
2495
625
3813
1725
2042
3791
3515
200
931
1689
1029
3248
250
270
3078
883
3701
1229
1209
1786
1658
2957
3204
1136
469
837
2885
711
2492
1244
1021
3475
2222
3328
921
3221
1299
467
3232
1442
3129
366
2905
2933
1485
2303
1633
2067
3586
2570
995
1846
543
3765
2108
2737
480
3524
4085
3447
3419
2755
4020
2965
244
303
2707
508
2199
148
1937
1551
2155
3535
3334
42
919
1344
4
760
436
2122
2101
41
1825
2960
2504
723
3002
2553
2957
3282
2671
1620
2213
2741
882
1468
1348
90
36
659
3149
1901
1551
2948
1017
2134
3532
2519
2429
1499
585
1775
3875
1315
2006
3766
464
3038
2975
2516
776
3481
3339
1582
1672
3619
3710
3869
2849
2090
2641
2440
2423
2272
3578
2524
2549
1663
1524
2600
2402
877
2301
2074
737
3735
533
563
2137
2606
193
2808
3911
148
3290
617
3077
1968
3791
2107
1702
502
1280
2381
476
3279
3286
1904
3318
1223
946
1491
1615
2075
3729
1519
1607
2476
2266
2672
2313
1581
1916
1797
1213
4087
275
2305
2896
745
3776
3553
3421
15
1230
1275
1374
2091
105
1136
3894
2787
1449
3744
570
994
3835
3427
3319
3489
552
789
1910
310
1456
4062
1532
3837
2029
3981
2756
3262
1343
2758
1903
2849
3120
2798
737
1538
1103
761
1667
1904
585
484
2177
2884
1248
3041
1578
3648
2624
705
893
3600
458
2978
441
1762
879
1017
3592
3227
1301
1998
524
2072
3381
2422
2488
2924
3459
987
2394
2693
2423
3851
2344
307
1587
26
1368
1807
2621
581
1231
171
3311
3976
3697
935
2214
1397
3069
2697
1984
2671
2229
3384
2078
204
3413
2794
3576
1456
2007
2078
315
126
2509
3387
2283
4044
3762
1695
2065
403
3016
2923
3496
2483
3179
2757
3032
3280
595
3576
3611
354
3568
434
4005
3025
3843
9
94
1326
2618
1446
1031
1534
912
2697
2936
820
765
1599
2878
1726
3650
2882
3895
2276
119
39
2310
3267
2785
546
3536
2677
462
3122
3083
3926
3212
2926
1684
496
3904
928
2972
1175
3610
1158
1964
3155
2701
1645
1736
2517
10
1506
222
3019
1417
3555
1314
2405
690
1219
2529
1849
1533
3265
1975
2436
3860
804
4030
1875
75
2328
1702
1009
1519
783
3087
2371
3268
2393
1707
3614
682
827
809
2120
2431
1194
3049
739
1151
3616
10
1514
1910
3917
597
363
403
2757
3200
1258
3466
3683
1731
2550
3412
388
2844
2803
3773
1855
3374
2711
3616
2614
2488
1571
3385
85
2866
986
1949
4064
3543
2025
3868
3308
340
1792
2414
3519
3011
3951
2783
2406
1917
119
3647
688
2626
2135
707
2167
2070
509
2532
1950
2899
165
2038
947
2901
3800
1230
3018
1896
2850
875
1774
377
701
3495
1871
1625
3662
1880
3091
298
195
3060
1799
1444
3429
3830
3615
3928
1925
3701
1541
440
2181
390
3735
2192
766
1600
2509
2428
3764
1989
2536
3213
1643
1280
850
2365
2064
2923
3614
251
3533
1814
3600
2865
1200
124
2059
1484
3889
2557
3281
2947
1929
2200
3405
1548
3004
2809
3072
3456
3547
3479
350
555
3405
2686
4027
1595
2679
3632
3125
3299
836
1383
3902
3764
3027
2542
1056
888
1191
2376
2943
1142
638
3668
929
395
2174
3372
1322
1041
65
988
2812
1686
1710
859
1242
2976
3676
321
2513
2936
2712
1708
2856
121
1794
464
1574
84
1453
3757
610
1908
1425
2016
66
302
1476
2696
1734
3834
2637
1469
1272
1105
2519
1929
834
2918
3703
3015
4016
2097
1843
736
1521
688
3557
1183
1777
2582
1032
418
1865
1642
1136
1633
3098
3645
1829
3888
679
3621
2586
943
2523
2037
641
2000
15
2444
2656
166
420
661
322
2327
996
962
3899
741
3783
2059
2071
3383
3747
840
3367
378
3845
3382
1282
254
2640
2800
2567
675
2919
2267
2702
3516
3882
1197
2123
937
3136
3415
329
3060
630
616
2655
1631
3917
1135
15
18
3279
1586
3397
3275
3408
334
2065
3469
1255
1377
3192
2233
685
425
3649
2277
2183
2684
70
3947
3031
2262
2855
1993
966
120
691
897
874
1341
2569
3667
4080
751
690
915
2237
338
1273
1028
3656
3014
2062
260
3815
1372
1183
1938
1697
3929
456
3956
995
3944
1086
864
